#FORMAT      : EMSA/MAS Spectral Data File
#VERSION     : 1.0
#TITLE       : LC2030623EE-1
#DATE        : 26-APR-2023
#TIME        : 13:57
#OWNER       : XGT7200
#NPOINTS     : 4096.
#NCOLUMNS    : 1.
#XUNITS      : keV
#YUNITS      : counts
#DATATYPE    : XY
#XPERCHAN    : 0.0100000
#OFFSET      : -0.400000
#SIGNALTYPE  : EDS
#CHOFFSET    : 40.0000
#LIVETIME    : 30.000000
#REALTIME    : 39.525036
#BEAMKV      : 50.0000
#PROBECUR    : 596000.
#MAGCAM      : 100.000
#XTILTSTGE   : 0.0
#AZIMANGLE   : 0.0
#ELEVANGLE   : 45.0
#XPOSITION mm: 0.0000
#YPOSITION mm: 0.0000
#ZPOSITION mm: 0.0000
##OXINSTPT   : 4
##OXINSTSTROB: 72.02
#SPECTRUM    : Spectral Data Starts Here
-0.40000, 0.
-0.39000, 0.
-0.38000, 0.
-0.37000, 0.
-0.36000, 0.
-0.35000, 0.
-0.34000, 0.
-0.33000, 0.
-0.32000, 0.
-0.31000, 0.
-0.30000, 0.
-0.29000, 0.
-0.28000, 0.
-0.27000, 0.
-0.26000, 0.
-0.25000, 0.
-0.24000, 0.
-0.23000, 0.
-0.22000, 0.
-0.21000, 0.
-0.20000, 0.
-0.19000, 0.
-0.18000, 0.
-0.17000, 0.
-0.16000, 0.
-0.15000, 0.
-0.14000, 0.
-0.13000, 0.
-0.12000, 0.
-0.11000, 0.
-0.10000, 0.
-0.09000, 0.
-0.08000, 0.
-0.07000, 0.
-0.06000, 0.
-0.05000, 0.
-0.04000, 0.
-0.03000, 0.
-0.02000, 0.
-0.01000, 0.
0.00000, 0.
0.01000, 0.
0.02000, 0.
0.03000, 0.
0.04000, 0.
0.05000, 0.
0.06000, 0.
0.07000, 0.
0.08000, 0.
0.09000, 0.
0.10000, 0.
0.11000, 0.
0.12000, 0.
0.13000, 0.
0.14000, 0.
0.15000, 0.
0.16000, 0.
0.17000, 0.
0.18000, 0.
0.19000, 0.
0.20000, 0.
0.21000, 0.
0.22000, 0.
0.23000, 0.
0.24000, 0.
0.25000, 0.
0.26000, 0.
0.27000, 0.
0.28000, 0.
0.29000, 0.
0.30000, 0.
0.31000, 0.
0.32000, 0.
0.33000, 1.
0.34000, 2.
0.35000, 4.
0.36000, 3.
0.37000, 5.
0.38000, 16.
0.39000, 11.
0.40000, 29.
0.41000, 26.
0.42000, 38.
0.43000, 36.
0.44000, 40.
0.45000, 52.
0.46000, 58.
0.47000, 57.
0.48000, 29.
0.49000, 51.
0.50000, 41.
0.51000, 51.
0.52000, 42.
0.53000, 43.
0.54000, 55.
0.55000, 44.
0.56000, 52.
0.57000, 49.
0.58000, 45.
0.59000, 52.
0.60000, 39.
0.61000, 43.
0.62000, 40.
0.63000, 43.
0.64000, 43.
0.65000, 43.
0.66000, 34.
0.67000, 42.
0.68000, 43.
0.69000, 35.
0.70000, 32.
0.71000, 32.
0.72000, 51.
0.73000, 45.
0.74000, 48.
0.75000, 41.
0.76000, 44.
0.77000, 42.
0.78000, 32.
0.79000, 36.
0.80000, 48.
0.81000, 44.
0.82000, 34.
0.83000, 52.
0.84000, 40.
0.85000, 40.
0.86000, 43.
0.87000, 52.
0.88000, 37.
0.89000, 37.
0.90000, 49.
0.91000, 48.
0.92000, 48.
0.93000, 51.
0.94000, 41.
0.95000, 48.
0.96000, 47.
0.97000, 45.
0.98000, 40.
0.99000, 63.
1.00000, 44.
1.01000, 47.
1.02000, 53.
1.03000, 56.
1.04000, 64.
1.05000, 45.
1.06000, 46.
1.07000, 65.
1.08000, 56.
1.09000, 36.
1.10000, 42.
1.11000, 47.
1.12000, 45.
1.13000, 45.
1.14000, 37.
1.15000, 39.
1.16000, 31.
1.17000, 43.
1.18000, 50.
1.19000, 41.
1.20000, 50.
1.21000, 36.
1.22000, 52.
1.23000, 61.
1.24000, 59.
1.25000, 59.
1.26000, 64.
1.27000, 70.
1.28000, 53.
1.29000, 63.
1.30000, 56.
1.31000, 38.
1.32000, 47.
1.33000, 50.
1.34000, 61.
1.35000, 59.
1.36000, 48.
1.37000, 36.
1.38000, 56.
1.39000, 74.
1.40000, 126.
1.41000, 167.
1.42000, 215.
1.43000, 295.
1.44000, 427.
1.45000, 531.
1.46000, 645.
1.47000, 729.
1.48000, 798.
1.49000, 809.
1.50000, 879.
1.51000, 848.
1.52000, 744.
1.53000, 618.
1.54000, 483.
1.55000, 391.
1.56000, 296.
1.57000, 239.
1.58000, 170.
1.59000, 147.
1.60000, 119.
1.61000, 133.
1.62000, 150.
1.63000, 247.
1.64000, 372.
1.65000, 597.
1.66000, 942.
1.67000, 1455.
1.68000, 2180.
1.69000, 2976.
1.70000, 4043.
1.71000, 5116.
1.72000, 6112.
1.73000, 6915.
1.74000, 7342.
1.75000, 7486.
1.76000, 7091.
1.77000, 6358.
1.78000, 5507.
1.79000, 4606.
1.80000, 3498.
1.81000, 2588.
1.82000, 1790.
1.83000, 1403.
1.84000, 925.
1.85000, 675.
1.86000, 500.
1.87000, 362.
1.88000, 273.
1.89000, 219.
1.90000, 167.
1.91000, 147.
1.92000, 88.
1.93000, 101.
1.94000, 87.
1.95000, 98.
1.96000, 99.
1.97000, 113.
1.98000, 141.
1.99000, 127.
2.00000, 128.
2.01000, 140.
2.02000, 135.
2.03000, 110.
2.04000, 133.
2.05000, 95.
2.06000, 93.
2.07000, 102.
2.08000, 63.
2.09000, 58.
2.10000, 59.
2.11000, 50.
2.12000, 45.
2.13000, 36.
2.14000, 31.
2.15000, 33.
2.16000, 39.
2.17000, 38.
2.18000, 33.
2.19000, 32.
2.20000, 29.
2.21000, 32.
2.22000, 31.
2.23000, 50.
2.24000, 37.
2.25000, 55.
2.26000, 48.
2.27000, 79.
2.28000, 76.
2.29000, 98.
2.30000, 96.
2.31000, 100.
2.32000, 92.
2.33000, 103.
2.34000, 105.
2.35000, 79.
2.36000, 91.
2.37000, 75.
2.38000, 54.
2.39000, 52.
2.40000, 46.
2.41000, 51.
2.42000, 45.
2.43000, 62.
2.44000, 47.
2.45000, 51.
2.46000, 35.
2.47000, 38.
2.48000, 39.
2.49000, 48.
2.50000, 46.
2.51000, 33.
2.52000, 27.
2.53000, 52.
2.54000, 36.
2.55000, 63.
2.56000, 51.
2.57000, 53.
2.58000, 67.
2.59000, 81.
2.60000, 102.
2.61000, 108.
2.62000, 151.
2.63000, 187.
2.64000, 205.
2.65000, 282.
2.66000, 341.
2.67000, 393.
2.68000, 450.
2.69000, 450.
2.70000, 479.
2.71000, 455.
2.72000, 471.
2.73000, 417.
2.74000, 362.
2.75000, 332.
2.76000, 308.
2.77000, 287.
2.78000, 259.
2.79000, 221.
2.80000, 203.
2.81000, 192.
2.82000, 242.
2.83000, 231.
2.84000, 247.
2.85000, 231.
2.86000, 226.
2.87000, 219.
2.88000, 187.
2.89000, 202.
2.90000, 176.
2.91000, 148.
2.92000, 128.
2.93000, 131.
2.94000, 98.
2.95000, 112.
2.96000, 94.
2.97000, 71.
2.98000, 78.
2.99000, 69.
3.00000, 56.
3.01000, 60.
3.02000, 71.
3.03000, 63.
3.04000, 58.
3.05000, 34.
3.06000, 45.
3.07000, 40.
3.08000, 41.
3.09000, 29.
3.10000, 36.
3.11000, 37.
3.12000, 40.
3.13000, 37.
3.14000, 40.
3.15000, 32.
3.16000, 46.
3.17000, 59.
3.18000, 70.
3.19000, 66.
3.20000, 108.
3.21000, 150.
3.22000, 226.
3.23000, 246.
3.24000, 315.
3.25000, 462.
3.26000, 646.
3.27000, 738.
3.28000, 882.
3.29000, 958.
3.30000, 1091.
3.31000, 1188.
3.32000, 1200.
3.33000, 1133.
3.34000, 1031.
3.35000, 1012.
3.36000, 924.
3.37000, 712.
3.38000, 586.
3.39000, 430.
3.40000, 327.
3.41000, 246.
3.42000, 162.
3.43000, 136.
3.44000, 116.
3.45000, 74.
3.46000, 75.
3.47000, 66.
3.48000, 53.
3.49000, 84.
3.50000, 83.
3.51000, 68.
3.52000, 103.
3.53000, 123.
3.54000, 160.
3.55000, 168.
3.56000, 206.
3.57000, 247.
3.58000, 311.
3.59000, 336.
3.60000, 425.
3.61000, 487.
3.62000, 598.
3.63000, 697.
3.64000, 969.
3.65000, 1035.
3.66000, 1188.
3.67000, 1347.
3.68000, 1344.
3.69000, 1457.
3.70000, 1366.
3.71000, 1292.
3.72000, 1239.
3.73000, 1148.
3.74000, 954.
3.75000, 830.
3.76000, 635.
3.77000, 501.
3.78000, 366.
3.79000, 267.
3.80000, 173.
3.81000, 133.
3.82000, 103.
3.83000, 83.
3.84000, 48.
3.85000, 41.
3.86000, 32.
3.87000, 43.
3.88000, 29.
3.89000, 33.
3.90000, 54.
3.91000, 61.
3.92000, 52.
3.93000, 68.
3.94000, 89.
3.95000, 124.
3.96000, 137.
3.97000, 157.
3.98000, 163.
3.99000, 210.
4.00000, 198.
4.01000, 221.
4.02000, 237.
4.03000, 210.
4.04000, 216.
4.05000, 184.
4.06000, 161.
4.07000, 160.
4.08000, 108.
4.09000, 97.
4.10000, 77.
4.11000, 69.
4.12000, 56.
4.13000, 42.
4.14000, 41.
4.15000, 29.
4.16000, 42.
4.17000, 26.
4.18000, 25.
4.19000, 35.
4.20000, 22.
4.21000, 16.
4.22000, 26.
4.23000, 25.
4.24000, 14.
4.25000, 28.
4.26000, 26.
4.27000, 30.
4.28000, 22.
4.29000, 23.
4.30000, 27.
4.31000, 29.
4.32000, 47.
4.33000, 29.
4.34000, 42.
4.35000, 50.
4.36000, 56.
4.37000, 63.
4.38000, 96.
4.39000, 109.
4.40000, 128.
4.41000, 162.
4.42000, 208.
4.43000, 255.
4.44000, 310.
4.45000, 362.
4.46000, 402.
4.47000, 477.
4.48000, 523.
4.49000, 545.
4.50000, 571.
4.51000, 589.
4.52000, 572.
4.53000, 512.
4.54000, 537.
4.55000, 498.
4.56000, 438.
4.57000, 306.
4.58000, 309.
4.59000, 235.
4.60000, 200.
4.61000, 165.
4.62000, 150.
4.63000, 118.
4.64000, 103.
4.65000, 107.
4.66000, 93.
4.67000, 94.
4.68000, 92.
4.69000, 71.
4.70000, 83.
4.71000, 69.
4.72000, 50.
4.73000, 61.
4.74000, 63.
4.75000, 79.
4.76000, 81.
4.77000, 92.
4.78000, 88.
4.79000, 92.
4.80000, 99.
4.81000, 93.
4.82000, 114.
4.83000, 121.
4.84000, 126.
4.85000, 124.
4.86000, 149.
4.87000, 134.
4.88000, 142.
4.89000, 167.
4.90000, 147.
4.91000, 156.
4.92000, 161.
4.93000, 154.
4.94000, 165.
4.95000, 159.
4.96000, 163.
4.97000, 123.
4.98000, 101.
4.99000, 134.
5.00000, 86.
5.01000, 99.
5.02000, 93.
5.03000, 82.
5.04000, 74.
5.05000, 58.
5.06000, 78.
5.07000, 63.
5.08000, 60.
5.09000, 67.
5.10000, 56.
5.11000, 61.
5.12000, 52.
5.13000, 61.
5.14000, 58.
5.15000, 63.
5.16000, 49.
5.17000, 69.
5.18000, 63.
5.19000, 63.
5.20000, 65.
5.21000, 72.
5.22000, 76.
5.23000, 54.
5.24000, 71.
5.25000, 71.
5.26000, 55.
5.27000, 53.
5.28000, 72.
5.29000, 54.
5.30000, 59.
5.31000, 72.
5.32000, 62.
5.33000, 63.
5.34000, 62.
5.35000, 72.
5.36000, 61.
5.37000, 60.
5.38000, 70.
5.39000, 78.
5.40000, 77.
5.41000, 71.
5.42000, 71.
5.43000, 69.
5.44000, 69.
5.45000, 68.
5.46000, 67.
5.47000, 66.
5.48000, 69.
5.49000, 74.
5.50000, 77.
5.51000, 67.
5.52000, 70.
5.53000, 79.
5.54000, 79.
5.55000, 72.
5.56000, 60.
5.57000, 67.
5.58000, 54.
5.59000, 56.
5.60000, 67.
5.61000, 75.
5.62000, 68.
5.63000, 59.
5.64000, 41.
5.65000, 55.
5.66000, 58.
5.67000, 60.
5.68000, 62.
5.69000, 69.
5.70000, 72.
5.71000, 68.
5.72000, 61.
5.73000, 80.
5.74000, 70.
5.75000, 68.
5.76000, 80.
5.77000, 86.
5.78000, 92.
5.79000, 128.
5.80000, 141.
5.81000, 156.
5.82000, 152.
5.83000, 155.
5.84000, 185.
5.85000, 215.
5.86000, 255.
5.87000, 268.
5.88000, 261.
5.89000, 272.
5.90000, 268.
5.91000, 240.
5.92000, 276.
5.93000, 240.
5.94000, 218.
5.95000, 238.
5.96000, 203.
5.97000, 177.
5.98000, 142.
5.99000, 128.
6.00000, 129.
6.01000, 103.
6.02000, 91.
6.03000, 68.
6.04000, 77.
6.05000, 80.
6.06000, 62.
6.07000, 68.
6.08000, 58.
6.09000, 83.
6.10000, 66.
6.11000, 85.
6.12000, 66.
6.13000, 83.
6.14000, 69.
6.15000, 85.
6.16000, 107.
6.17000, 106.
6.18000, 115.
6.19000, 121.
6.20000, 137.
6.21000, 192.
6.22000, 261.
6.23000, 311.
6.24000, 462.
6.25000, 633.
6.26000, 836.
6.27000, 1241.
6.28000, 1592.
6.29000, 2154.
6.30000, 2722.
6.31000, 3537.
6.32000, 4467.
6.33000, 5427.
6.34000, 6405.
6.35000, 7416.
6.36000, 8524.
6.37000, 9341.
6.38000, 9848.
6.39000, 10477.
6.40000, 10484.
6.41000, 10273.
6.42000, 10060.
6.43000, 9474.
6.44000, 8790.
6.45000, 7519.
6.46000, 6685.
6.47000, 5715.
6.48000, 4499.
6.49000, 3722.
6.50000, 2858.
6.51000, 2149.
6.52000, 1687.
6.53000, 1274.
6.54000, 934.
6.55000, 664.
6.56000, 492.
6.57000, 320.
6.58000, 258.
6.59000, 177.
6.60000, 152.
6.61000, 140.
6.62000, 110.
6.63000, 89.
6.64000, 108.
6.65000, 76.
6.66000, 98.
6.67000, 83.
6.68000, 97.
6.69000, 94.
6.70000, 76.
6.71000, 82.
6.72000, 92.
6.73000, 101.
6.74000, 101.
6.75000, 83.
6.76000, 89.
6.77000, 81.
6.78000, 100.
6.79000, 92.
6.80000, 101.
6.81000, 108.
6.82000, 107.
6.83000, 120.
6.84000, 120.
6.85000, 136.
6.86000, 142.
6.87000, 135.
6.88000, 165.
6.89000, 201.
6.90000, 211.
6.91000, 242.
6.92000, 285.
6.93000, 420.
6.94000, 423.
6.95000, 481.
6.96000, 630.
6.97000, 780.
6.98000, 937.
6.99000, 1086.
7.00000, 1208.
7.01000, 1397.
7.02000, 1498.
7.03000, 1559.
7.04000, 1715.
7.05000, 1716.
7.06000, 1718.
7.07000, 1690.
7.08000, 1615.
7.09000, 1517.
7.10000, 1307.
7.11000, 1231.
7.12000, 1153.
7.13000, 986.
7.14000, 727.
7.15000, 618.
7.16000, 558.
7.17000, 428.
7.18000, 323.
7.19000, 252.
7.20000, 216.
7.21000, 143.
7.22000, 129.
7.23000, 130.
7.24000, 101.
7.25000, 109.
7.26000, 67.
7.27000, 76.
7.28000, 78.
7.29000, 77.
7.30000, 62.
7.31000, 76.
7.32000, 57.
7.33000, 60.
7.34000, 70.
7.35000, 79.
7.36000, 74.
7.37000, 70.
7.38000, 64.
7.39000, 89.
7.40000, 66.
7.41000, 90.
7.42000, 74.
7.43000, 68.
7.44000, 94.
7.45000, 98.
7.46000, 81.
7.47000, 83.
7.48000, 82.
7.49000, 101.
7.50000, 82.
7.51000, 88.
7.52000, 98.
7.53000, 98.
7.54000, 78.
7.55000, 71.
7.56000, 84.
7.57000, 80.
7.58000, 82.
7.59000, 75.
7.60000, 80.
7.61000, 80.
7.62000, 72.
7.63000, 71.
7.64000, 85.
7.65000, 72.
7.66000, 74.
7.67000, 80.
7.68000, 76.
7.69000, 66.
7.70000, 85.
7.71000, 84.
7.72000, 71.
7.73000, 79.
7.74000, 82.
7.75000, 75.
7.76000, 68.
7.77000, 84.
7.78000, 84.
7.79000, 82.
7.80000, 85.
7.81000, 71.
7.82000, 91.
7.83000, 91.
7.84000, 94.
7.85000, 104.
7.86000, 117.
7.87000, 113.
7.88000, 117.
7.89000, 109.
7.90000, 106.
7.91000, 104.
7.92000, 113.
7.93000, 102.
7.94000, 110.
7.95000, 115.
7.96000, 133.
7.97000, 129.
7.98000, 134.
7.99000, 130.
8.00000, 162.
8.01000, 157.
8.02000, 160.
8.03000, 178.
8.04000, 170.
8.05000, 159.
8.06000, 172.
8.07000, 167.
8.08000, 168.
8.09000, 174.
8.10000, 162.
8.11000, 178.
8.12000, 148.
8.13000, 156.
8.14000, 169.
8.15000, 157.
8.16000, 148.
8.17000, 164.
8.18000, 123.
8.19000, 114.
8.20000, 139.
8.21000, 119.
8.22000, 121.
8.23000, 137.
8.24000, 131.
8.25000, 72.
8.26000, 109.
8.27000, 117.
8.28000, 122.
8.29000, 96.
8.30000, 116.
8.31000, 97.
8.32000, 112.
8.33000, 102.
8.34000, 93.
8.35000, 106.
8.36000, 86.
8.37000, 104.
8.38000, 124.
8.39000, 90.
8.40000, 118.
8.41000, 129.
8.42000, 105.
8.43000, 116.
8.44000, 130.
8.45000, 139.
8.46000, 132.
8.47000, 120.
8.48000, 167.
8.49000, 201.
8.50000, 210.
8.51000, 238.
8.52000, 269.
8.53000, 292.
8.54000, 346.
8.55000, 415.
8.56000, 458.
8.57000, 481.
8.58000, 498.
8.59000, 517.
8.60000, 580.
8.61000, 596.
8.62000, 604.
8.63000, 637.
8.64000, 645.
8.65000, 560.
8.66000, 567.
8.67000, 550.
8.68000, 497.
8.69000, 473.
8.70000, 423.
8.71000, 356.
8.72000, 311.
8.73000, 285.
8.74000, 270.
8.75000, 246.
8.76000, 205.
8.77000, 160.
8.78000, 168.
8.79000, 144.
8.80000, 127.
8.81000, 120.
8.82000, 117.
8.83000, 128.
8.84000, 124.
8.85000, 144.
8.86000, 119.
8.87000, 151.
8.88000, 98.
8.89000, 109.
8.90000, 122.
8.91000, 112.
8.92000, 130.
8.93000, 120.
8.94000, 122.
8.95000, 109.
8.96000, 126.
8.97000, 119.
8.98000, 127.
8.99000, 133.
9.00000, 108.
9.01000, 101.
9.02000, 99.
9.03000, 120.
9.04000, 93.
9.05000, 121.
9.06000, 130.
9.07000, 123.
9.08000, 123.
9.09000, 114.
9.10000, 143.
9.11000, 122.
9.12000, 142.
9.13000, 143.
9.14000, 125.
9.15000, 127.
9.16000, 145.
9.17000, 110.
9.18000, 138.
9.19000, 143.
9.20000, 166.
9.21000, 114.
9.22000, 143.
9.23000, 148.
9.24000, 139.
9.25000, 154.
9.26000, 139.
9.27000, 131.
9.28000, 131.
9.29000, 143.
9.30000, 121.
9.31000, 145.
9.32000, 128.
9.33000, 135.
9.34000, 146.
9.35000, 143.
9.36000, 142.
9.37000, 139.
9.38000, 133.
9.39000, 136.
9.40000, 127.
9.41000, 151.
9.42000, 142.
9.43000, 157.
9.44000, 141.
9.45000, 152.
9.46000, 166.
9.47000, 164.
9.48000, 190.
9.49000, 171.
9.50000, 158.
9.51000, 194.
9.52000, 159.
9.53000, 210.
9.54000, 219.
9.55000, 212.
9.56000, 214.
9.57000, 240.
9.58000, 221.
9.59000, 194.
9.60000, 211.
9.61000, 223.
9.62000, 197.
9.63000, 192.
9.64000, 184.
9.65000, 176.
9.66000, 180.
9.67000, 168.
9.68000, 166.
9.69000, 123.
9.70000, 144.
9.71000, 140.
9.72000, 147.
9.73000, 122.
9.74000, 138.
9.75000, 112.
9.76000, 111.
9.77000, 136.
9.78000, 139.
9.79000, 120.
9.80000, 131.
9.81000, 137.
9.82000, 127.
9.83000, 124.
9.84000, 147.
9.85000, 117.
9.86000, 140.
9.87000, 114.
9.88000, 117.
9.89000, 122.
9.90000, 132.
9.91000, 133.
9.92000, 118.
9.93000, 145.
9.94000, 122.
9.95000, 134.
9.96000, 111.
9.97000, 135.
9.98000, 136.
9.99000, 154.
10.00000, 121.
10.01000, 137.
10.02000, 138.
10.03000, 133.
10.04000, 115.
10.05000, 153.
10.06000, 149.
10.07000, 135.
10.08000, 131.
10.09000, 131.
10.10000, 124.
10.11000, 147.
10.12000, 132.
10.13000, 118.
10.14000, 116.
10.15000, 122.
10.16000, 121.
10.17000, 134.
10.18000, 129.
10.19000, 132.
10.20000, 129.
10.21000, 127.
10.22000, 136.
10.23000, 141.
10.24000, 153.
10.25000, 124.
10.26000, 143.
10.27000, 125.
10.28000, 137.
10.29000, 124.
10.30000, 136.
10.31000, 141.
10.32000, 149.
10.33000, 145.
10.34000, 152.
10.35000, 138.
10.36000, 173.
10.37000, 164.
10.38000, 179.
10.39000, 178.
10.40000, 189.
10.41000, 223.
10.42000, 230.
10.43000, 221.
10.44000, 207.
10.45000, 284.
10.46000, 256.
10.47000, 292.
10.48000, 324.
10.49000, 360.
10.50000, 353.
10.51000, 394.
10.52000, 353.
10.53000, 390.
10.54000, 370.
10.55000, 376.
10.56000, 373.
10.57000, 341.
10.58000, 347.
10.59000, 363.
10.60000, 332.
10.61000, 316.
10.62000, 280.
10.63000, 293.
10.64000, 247.
10.65000, 236.
10.66000, 212.
10.67000, 197.
10.68000, 214.
10.69000, 188.
10.70000, 162.
10.71000, 178.
10.72000, 148.
10.73000, 152.
10.74000, 149.
10.75000, 147.
10.76000, 149.
10.77000, 155.
10.78000, 135.
10.79000, 132.
10.80000, 151.
10.81000, 138.
10.82000, 124.
10.83000, 134.
10.84000, 123.
10.85000, 129.
10.86000, 135.
10.87000, 145.
10.88000, 145.
10.89000, 125.
10.90000, 152.
10.91000, 144.
10.92000, 126.
10.93000, 151.
10.94000, 130.
10.95000, 138.
10.96000, 144.
10.97000, 146.
10.98000, 143.
10.99000, 125.
11.00000, 115.
11.01000, 152.
11.02000, 142.
11.03000, 155.
11.04000, 119.
11.05000, 153.
11.06000, 129.
11.07000, 128.
11.08000, 123.
11.09000, 146.
11.10000, 134.
11.11000, 124.
11.12000, 126.
11.13000, 142.
11.14000, 146.
11.15000, 160.
11.16000, 123.
11.17000, 138.
11.18000, 144.
11.19000, 158.
11.20000, 124.
11.21000, 124.
11.22000, 130.
11.23000, 131.
11.24000, 138.
11.25000, 132.
11.26000, 154.
11.27000, 156.
11.28000, 116.
11.29000, 155.
11.30000, 151.
11.31000, 154.
11.32000, 120.
11.33000, 173.
11.34000, 134.
11.35000, 163.
11.36000, 155.
11.37000, 163.
11.38000, 175.
11.39000, 155.
11.40000, 133.
11.41000, 142.
11.42000, 140.
11.43000, 141.
11.44000, 151.
11.45000, 147.
11.46000, 169.
11.47000, 132.
11.48000, 157.
11.49000, 150.
11.50000, 151.
11.51000, 132.
11.52000, 151.
11.53000, 179.
11.54000, 144.
11.55000, 134.
11.56000, 158.
11.57000, 145.
11.58000, 152.
11.59000, 129.
11.60000, 128.
11.61000, 162.
11.62000, 155.
11.63000, 162.
11.64000, 151.
11.65000, 172.
11.66000, 145.
11.67000, 149.
11.68000, 140.
11.69000, 155.
11.70000, 137.
11.71000, 150.
11.72000, 162.
11.73000, 168.
11.74000, 165.
11.75000, 153.
11.76000, 138.
11.77000, 155.
11.78000, 137.
11.79000, 163.
11.80000, 173.
11.81000, 145.
11.82000, 160.
11.83000, 140.
11.84000, 171.
11.85000, 138.
11.86000, 143.
11.87000, 149.
11.88000, 176.
11.89000, 140.
11.90000, 152.
11.91000, 171.
11.92000, 148.
11.93000, 152.
11.94000, 135.
11.95000, 165.
11.96000, 138.
11.97000, 159.
11.98000, 154.
11.99000, 146.
12.00000, 150.
12.01000, 168.
12.02000, 148.
12.03000, 166.
12.04000, 149.
12.05000, 162.
12.06000, 169.
12.07000, 162.
12.08000, 186.
12.09000, 161.
12.10000, 154.
12.11000, 156.
12.12000, 171.
12.13000, 151.
12.14000, 183.
12.15000, 163.
12.16000, 160.
12.17000, 168.
12.18000, 168.
12.19000, 165.
12.20000, 169.
12.21000, 154.
12.22000, 158.
12.23000, 156.
12.24000, 166.
12.25000, 167.
12.26000, 167.
12.27000, 168.
12.28000, 182.
12.29000, 183.
12.30000, 181.
12.31000, 179.
12.32000, 154.
12.33000, 169.
12.34000, 158.
12.35000, 174.
12.36000, 173.
12.37000, 169.
12.38000, 165.
12.39000, 177.
12.40000, 178.
12.41000, 180.
12.42000, 170.
12.43000, 178.
12.44000, 180.
12.45000, 191.
12.46000, 238.
12.47000, 259.
12.48000, 237.
12.49000, 226.
12.50000, 272.
12.51000, 280.
12.52000, 287.
12.53000, 329.
12.54000, 358.
12.55000, 342.
12.56000, 361.
12.57000, 354.
12.58000, 390.
12.59000, 382.
12.60000, 383.
12.61000, 398.
12.62000, 380.
12.63000, 390.
12.64000, 371.
12.65000, 352.
12.66000, 341.
12.67000, 331.
12.68000, 343.
12.69000, 339.
12.70000, 323.
12.71000, 295.
12.72000, 278.
12.73000, 293.
12.74000, 247.
12.75000, 252.
12.76000, 201.
12.77000, 248.
12.78000, 176.
12.79000, 209.
12.80000, 232.
12.81000, 192.
12.82000, 204.
12.83000, 186.
12.84000, 186.
12.85000, 201.
12.86000, 169.
12.87000, 183.
12.88000, 187.
12.89000, 151.
12.90000, 194.
12.91000, 176.
12.92000, 179.
12.93000, 158.
12.94000, 164.
12.95000, 167.
12.96000, 191.
12.97000, 154.
12.98000, 184.
12.99000, 162.
13.00000, 187.
13.01000, 158.
13.02000, 179.
13.03000, 176.
13.04000, 177.
13.05000, 181.
13.06000, 153.
13.07000, 180.
13.08000, 150.
13.09000, 170.
13.10000, 146.
13.11000, 175.
13.12000, 177.
13.13000, 138.
13.14000, 169.
13.15000, 157.
13.16000, 158.
13.17000, 173.
13.18000, 175.
13.19000, 196.
13.20000, 174.
13.21000, 198.
13.22000, 206.
13.23000, 201.
13.24000, 194.
13.25000, 192.
13.26000, 236.
13.27000, 236.
13.28000, 236.
13.29000, 224.
13.30000, 250.
13.31000, 259.
13.32000, 251.
13.33000, 278.
13.34000, 272.
13.35000, 324.
13.36000, 264.
13.37000, 264.
13.38000, 272.
13.39000, 281.
13.40000, 285.
13.41000, 278.
13.42000, 259.
13.43000, 261.
13.44000, 233.
13.45000, 253.
13.46000, 245.
13.47000, 237.
13.48000, 221.
13.49000, 251.
13.50000, 181.
13.51000, 195.
13.52000, 207.
13.53000, 177.
13.54000, 183.
13.55000, 181.
13.56000, 171.
13.57000, 163.
13.58000, 153.
13.59000, 160.
13.60000, 157.
13.61000, 166.
13.62000, 163.
13.63000, 195.
13.64000, 159.
13.65000, 162.
13.66000, 157.
13.67000, 153.
13.68000, 191.
13.69000, 165.
13.70000, 152.
13.71000, 164.
13.72000, 167.
13.73000, 148.
13.74000, 160.
13.75000, 171.
13.76000, 166.
13.77000, 164.
13.78000, 182.
13.79000, 171.
13.80000, 157.
13.81000, 159.
13.82000, 176.
13.83000, 185.
13.84000, 174.
13.85000, 182.
13.86000, 134.
13.87000, 173.
13.88000, 184.
13.89000, 190.
13.90000, 193.
13.91000, 187.
13.92000, 194.
13.93000, 195.
13.94000, 246.
13.95000, 230.
13.96000, 239.
13.97000, 252.
13.98000, 307.
13.99000, 313.
14.00000, 347.
14.01000, 347.
14.02000, 407.
14.03000, 437.
14.04000, 423.
14.05000, 497.
14.06000, 512.
14.07000, 558.
14.08000, 533.
14.09000, 636.
14.10000, 630.
14.11000, 668.
14.12000, 640.
14.13000, 632.
14.14000, 615.
14.15000, 620.
14.16000, 599.
14.17000, 614.
14.18000, 527.
14.19000, 522.
14.20000, 525.
14.21000, 488.
14.22000, 425.
14.23000, 400.
14.24000, 350.
14.25000, 361.
14.26000, 340.
14.27000, 272.
14.28000, 252.
14.29000, 239.
14.30000, 243.
14.31000, 220.
14.32000, 212.
14.33000, 188.
14.34000, 167.
14.35000, 182.
14.36000, 207.
14.37000, 189.
14.38000, 166.
14.39000, 158.
14.40000, 161.
14.41000, 196.
14.42000, 160.
14.43000, 153.
14.44000, 150.
14.45000, 164.
14.46000, 153.
14.47000, 149.
14.48000, 149.
14.49000, 154.
14.50000, 146.
14.51000, 168.
14.52000, 161.
14.53000, 169.
14.54000, 153.
14.55000, 165.
14.56000, 171.
14.57000, 178.
14.58000, 167.
14.59000, 178.
14.60000, 160.
14.61000, 140.
14.62000, 190.
14.63000, 173.
14.64000, 177.
14.65000, 189.
14.66000, 192.
14.67000, 173.
14.68000, 191.
14.69000, 173.
14.70000, 204.
14.71000, 201.
14.72000, 193.
14.73000, 227.
14.74000, 198.
14.75000, 213.
14.76000, 209.
14.77000, 218.
14.78000, 209.
14.79000, 211.
14.80000, 211.
14.81000, 201.
14.82000, 203.
14.83000, 169.
14.84000, 225.
14.85000, 202.
14.86000, 226.
14.87000, 180.
14.88000, 206.
14.89000, 220.
14.90000, 224.
14.91000, 217.
14.92000, 200.
14.93000, 235.
14.94000, 202.
14.95000, 220.
14.96000, 196.
14.97000, 184.
14.98000, 199.
14.99000, 204.
15.00000, 197.
15.01000, 181.
15.02000, 183.
15.03000, 192.
15.04000, 175.
15.05000, 191.
15.06000, 179.
15.07000, 193.
15.08000, 191.
15.09000, 193.
15.10000, 172.
15.11000, 199.
15.12000, 191.
15.13000, 156.
15.14000, 185.
15.15000, 183.
15.16000, 174.
15.17000, 174.
15.18000, 181.
15.19000, 157.
15.20000, 167.
15.21000, 180.
15.22000, 173.
15.23000, 169.
15.24000, 164.
15.25000, 180.
15.26000, 164.
15.27000, 150.
15.28000, 171.
15.29000, 167.
15.30000, 158.
15.31000, 172.
15.32000, 145.
15.33000, 161.
15.34000, 159.
15.35000, 158.
15.36000, 162.
15.37000, 168.
15.38000, 170.
15.39000, 166.
15.40000, 152.
15.41000, 161.
15.42000, 153.
15.43000, 152.
15.44000, 154.
15.45000, 144.
15.46000, 155.
15.47000, 188.
15.48000, 166.
15.49000, 194.
15.50000, 185.
15.51000, 187.
15.52000, 192.
15.53000, 204.
15.54000, 237.
15.55000, 223.
15.56000, 239.
15.57000, 266.
15.58000, 270.
15.59000, 321.
15.60000, 375.
15.61000, 362.
15.62000, 366.
15.63000, 432.
15.64000, 484.
15.65000, 440.
15.66000, 482.
15.67000, 519.
15.68000, 537.
15.69000, 581.
15.70000, 592.
15.71000, 567.
15.72000, 566.
15.73000, 640.
15.74000, 568.
15.75000, 615.
15.76000, 660.
15.77000, 584.
15.78000, 614.
15.79000, 531.
15.80000, 546.
15.81000, 523.
15.82000, 507.
15.83000, 482.
15.84000, 446.
15.85000, 401.
15.86000, 382.
15.87000, 378.
15.88000, 330.
15.89000, 293.
15.90000, 304.
15.91000, 291.
15.92000, 262.
15.93000, 254.
15.94000, 227.
15.95000, 222.
15.96000, 181.
15.97000, 220.
15.98000, 190.
15.99000, 174.
16.00000, 223.
16.01000, 179.
16.02000, 162.
16.03000, 165.
16.04000, 168.
16.05000, 159.
16.06000, 168.
16.07000, 167.
16.08000, 174.
16.09000, 168.
16.10000, 168.
16.11000, 180.
16.12000, 150.
16.13000, 182.
16.14000, 155.
16.15000, 188.
16.16000, 163.
16.17000, 167.
16.18000, 174.
16.19000, 145.
16.20000, 147.
16.21000, 148.
16.22000, 156.
16.23000, 174.
16.24000, 145.
16.25000, 144.
16.26000, 155.
16.27000, 150.
16.28000, 151.
16.29000, 154.
16.30000, 165.
16.31000, 172.
16.32000, 165.
16.33000, 152.
16.34000, 155.
16.35000, 156.
16.36000, 147.
16.37000, 164.
16.38000, 172.
16.39000, 179.
16.40000, 162.
16.41000, 170.
16.42000, 147.
16.43000, 153.
16.44000, 158.
16.45000, 141.
16.46000, 142.
16.47000, 167.
16.48000, 151.
16.49000, 169.
16.50000, 151.
16.51000, 164.
16.52000, 165.
16.53000, 169.
16.54000, 170.
16.55000, 169.
16.56000, 162.
16.57000, 185.
16.58000, 135.
16.59000, 140.
16.60000, 167.
16.61000, 193.
16.62000, 151.
16.63000, 200.
16.64000, 174.
16.65000, 170.
16.66000, 171.
16.67000, 165.
16.68000, 158.
16.69000, 149.
16.70000, 175.
16.71000, 165.
16.72000, 176.
16.73000, 176.
16.74000, 169.
16.75000, 201.
16.76000, 161.
16.77000, 166.
16.78000, 164.
16.79000, 157.
16.80000, 160.
16.81000, 177.
16.82000, 165.
16.83000, 138.
16.84000, 173.
16.85000, 172.
16.86000, 159.
16.87000, 144.
16.88000, 159.
16.89000, 156.
16.90000, 167.
16.91000, 147.
16.92000, 167.
16.93000, 160.
16.94000, 165.
16.95000, 140.
16.96000, 168.
16.97000, 173.
16.98000, 144.
16.99000, 172.
17.00000, 172.
17.01000, 163.
17.02000, 133.
17.03000, 183.
17.04000, 164.
17.05000, 167.
17.06000, 138.
17.07000, 167.
17.08000, 146.
17.09000, 154.
17.10000, 152.
17.11000, 149.
17.12000, 162.
17.13000, 161.
17.14000, 170.
17.15000, 157.
17.16000, 151.
17.17000, 152.
17.18000, 166.
17.19000, 171.
17.20000, 144.
17.21000, 169.
17.22000, 186.
17.23000, 178.
17.24000, 145.
17.25000, 164.
17.26000, 164.
17.27000, 162.
17.28000, 156.
17.29000, 172.
17.30000, 184.
17.31000, 178.
17.32000, 170.
17.33000, 170.
17.34000, 148.
17.35000, 177.
17.36000, 158.
17.37000, 159.
17.38000, 172.
17.39000, 191.
17.40000, 184.
17.41000, 170.
17.42000, 152.
17.43000, 189.
17.44000, 169.
17.45000, 183.
17.46000, 215.
17.47000, 163.
17.48000, 186.
17.49000, 205.
17.50000, 211.
17.51000, 220.
17.52000, 206.
17.53000, 195.
17.54000, 207.
17.55000, 213.
17.56000, 253.
17.57000, 259.
17.58000, 268.
17.59000, 237.
17.60000, 259.
17.61000, 242.
17.62000, 240.
17.63000, 282.
17.64000, 252.
17.65000, 278.
17.66000, 238.
17.67000, 290.
17.68000, 263.
17.69000, 230.
17.70000, 251.
17.71000, 250.
17.72000, 249.
17.73000, 229.
17.74000, 246.
17.75000, 250.
17.76000, 221.
17.77000, 219.
17.78000, 222.
17.79000, 212.
17.80000, 191.
17.81000, 235.
17.82000, 211.
17.83000, 216.
17.84000, 255.
17.85000, 232.
17.86000, 226.
17.87000, 215.
17.88000, 201.
17.89000, 248.
17.90000, 239.
17.91000, 208.
17.92000, 228.
17.93000, 234.
17.94000, 261.
17.95000, 259.
17.96000, 229.
17.97000, 237.
17.98000, 238.
17.99000, 241.
18.00000, 217.
18.01000, 242.
18.02000, 198.
18.03000, 247.
18.04000, 237.
18.05000, 213.
18.06000, 221.
18.07000, 229.
18.08000, 259.
18.09000, 251.
18.10000, 260.
18.11000, 263.
18.12000, 261.
18.13000, 258.
18.14000, 235.
18.15000, 246.
18.16000, 273.
18.17000, 264.
18.18000, 261.
18.19000, 280.
18.20000, 274.
18.21000, 262.
18.22000, 280.
18.23000, 277.
18.24000, 317.
18.25000, 269.
18.26000, 332.
18.27000, 316.
18.28000, 332.
18.29000, 321.
18.30000, 320.
18.31000, 350.
18.32000, 325.
18.33000, 368.
18.34000, 366.
18.35000, 389.
18.36000, 380.
18.37000, 399.
18.38000, 388.
18.39000, 408.
18.40000, 446.
18.41000, 414.
18.42000, 454.
18.43000, 452.
18.44000, 481.
18.45000, 486.
18.46000, 510.
18.47000, 488.
18.48000, 554.
18.49000, 561.
18.50000, 601.
18.51000, 578.
18.52000, 620.
18.53000, 602.
18.54000, 569.
18.55000, 666.
18.56000, 664.
18.57000, 649.
18.58000, 679.
18.59000, 696.
18.60000, 815.
18.61000, 778.
18.62000, 731.
18.63000, 779.
18.64000, 761.
18.65000, 845.
18.66000, 837.
18.67000, 843.
18.68000, 829.
18.69000, 895.
18.70000, 845.
18.71000, 915.
18.72000, 961.
18.73000, 924.
18.74000, 881.
18.75000, 925.
18.76000, 931.
18.77000, 1001.
18.78000, 987.
18.79000, 987.
18.80000, 970.
18.81000, 965.
18.82000, 1031.
18.83000, 965.
18.84000, 1005.
18.85000, 978.
18.86000, 969.
18.87000, 973.
18.88000, 1020.
18.89000, 941.
18.90000, 933.
18.91000, 910.
18.92000, 928.
18.93000, 950.
18.94000, 904.
18.95000, 957.
18.96000, 874.
18.97000, 873.
18.98000, 860.
18.99000, 811.
19.00000, 859.
19.01000, 841.
19.02000, 826.
19.03000, 775.
19.04000, 727.
19.05000, 721.
19.06000, 766.
19.07000, 700.
19.08000, 696.
19.09000, 683.
19.10000, 625.
19.11000, 620.
19.12000, 614.
19.13000, 653.
19.14000, 586.
19.15000, 584.
19.16000, 542.
19.17000, 507.
19.18000, 510.
19.19000, 480.
19.20000, 499.
19.21000, 469.
19.22000, 467.
19.23000, 449.
19.24000, 412.
19.25000, 462.
19.26000, 409.
19.27000, 382.
19.28000, 426.
19.29000, 365.
19.30000, 373.
19.31000, 372.
19.32000, 393.
19.33000, 325.
19.34000, 357.
19.35000, 328.
19.36000, 339.
19.37000, 306.
19.38000, 288.
19.39000, 328.
19.40000, 309.
19.41000, 301.
19.42000, 288.
19.43000, 256.
19.44000, 267.
19.45000, 274.
19.46000, 259.
19.47000, 290.
19.48000, 276.
19.49000, 254.
19.50000, 260.
19.51000, 259.
19.52000, 249.
19.53000, 253.
19.54000, 242.
19.55000, 239.
19.56000, 247.
19.57000, 219.
19.58000, 220.
19.59000, 218.
19.60000, 224.
19.61000, 243.
19.62000, 207.
19.63000, 207.
19.64000, 208.
19.65000, 198.
19.66000, 199.
19.67000, 168.
19.68000, 190.
19.69000, 190.
19.70000, 184.
19.71000, 198.
19.72000, 189.
19.73000, 189.
19.74000, 170.
19.75000, 194.
19.76000, 175.
19.77000, 189.
19.78000, 189.
19.79000, 198.
19.80000, 172.
19.81000, 203.
19.82000, 186.
19.83000, 176.
19.84000, 212.
19.85000, 190.
19.86000, 227.
19.87000, 222.
19.88000, 212.
19.89000, 217.
19.90000, 253.
19.91000, 263.
19.92000, 259.
19.93000, 279.
19.94000, 286.
19.95000, 299.
19.96000, 324.
19.97000, 319.
19.98000, 363.
19.99000, 382.
20.00000, 388.
20.01000, 414.
20.02000, 432.
20.03000, 413.
20.04000, 493.
20.05000, 494.
20.06000, 475.
20.07000, 523.
20.08000, 548.
20.09000, 524.
20.10000, 528.
20.11000, 568.
20.12000, 610.
20.13000, 618.
20.14000, 597.
20.15000, 648.
20.16000, 561.
20.17000, 621.
20.18000, 579.
20.19000, 621.
20.20000, 591.
20.21000, 542.
20.22000, 505.
20.23000, 481.
20.24000, 502.
20.25000, 444.
20.26000, 427.
20.27000, 422.
20.28000, 447.
20.29000, 378.
20.30000, 329.
20.31000, 289.
20.32000, 302.
20.33000, 277.
20.34000, 264.
20.35000, 244.
20.36000, 235.
20.37000, 235.
20.38000, 210.
20.39000, 213.
20.40000, 182.
20.41000, 173.
20.42000, 191.
20.43000, 177.
20.44000, 161.
20.45000, 160.
20.46000, 165.
20.47000, 176.
20.48000, 166.
20.49000, 179.
20.50000, 180.
20.51000, 166.
20.52000, 151.
20.53000, 167.
20.54000, 163.
20.55000, 179.
20.56000, 197.
20.57000, 185.
20.58000, 187.
20.59000, 185.
20.60000, 186.
20.61000, 185.
20.62000, 187.
20.63000, 201.
20.64000, 170.
20.65000, 202.
20.66000, 176.
20.67000, 198.
20.68000, 222.
20.69000, 198.
20.70000, 231.
20.71000, 215.
20.72000, 221.
20.73000, 222.
20.74000, 224.
20.75000, 213.
20.76000, 209.
20.77000, 223.
20.78000, 218.
20.79000, 215.
20.80000, 266.
20.81000, 238.
20.82000, 243.
20.83000, 231.
20.84000, 233.
20.85000, 255.
20.86000, 261.
20.87000, 255.
20.88000, 226.
20.89000, 279.
20.90000, 253.
20.91000, 259.
20.92000, 277.
20.93000, 282.
20.94000, 240.
20.95000, 252.
20.96000, 233.
20.97000, 263.
20.98000, 263.
20.99000, 249.
21.00000, 279.
21.01000, 232.
21.02000, 229.
21.03000, 271.
21.04000, 250.
21.05000, 273.
21.06000, 264.
21.07000, 259.
21.08000, 259.
21.09000, 261.
21.10000, 271.
21.11000, 274.
21.12000, 285.
21.13000, 249.
21.14000, 246.
21.15000, 265.
21.16000, 245.
21.17000, 237.
21.18000, 254.
21.19000, 265.
21.20000, 218.
21.21000, 224.
21.22000, 275.
21.23000, 242.
21.24000, 234.
21.25000, 224.
21.26000, 224.
21.27000, 207.
21.28000, 210.
21.29000, 222.
21.30000, 230.
21.31000, 226.
21.32000, 230.
21.33000, 223.
21.34000, 209.
21.35000, 202.
21.36000, 205.
21.37000, 204.
21.38000, 179.
21.39000, 195.
21.40000, 198.
21.41000, 161.
21.42000, 146.
21.43000, 172.
21.44000, 196.
21.45000, 169.
21.46000, 182.
21.47000, 208.
21.48000, 166.
21.49000, 162.
21.50000, 161.
21.51000, 154.
21.52000, 168.
21.53000, 155.
21.54000, 159.
21.55000, 145.
21.56000, 164.
21.57000, 155.
21.58000, 166.
21.59000, 160.
21.60000, 155.
21.61000, 133.
21.62000, 160.
21.63000, 140.
21.64000, 143.
21.65000, 146.
21.66000, 139.
21.67000, 155.
21.68000, 145.
21.69000, 145.
21.70000, 121.
21.71000, 115.
21.72000, 141.
21.73000, 137.
21.74000, 124.
21.75000, 122.
21.76000, 128.
21.77000, 136.
21.78000, 142.
21.79000, 117.
21.80000, 129.
21.81000, 138.
21.82000, 119.
21.83000, 140.
21.84000, 104.
21.85000, 110.
21.86000, 123.
21.87000, 117.
21.88000, 117.
21.89000, 126.
21.90000, 100.
21.91000, 108.
21.92000, 121.
21.93000, 116.
21.94000, 112.
21.95000, 116.
21.96000, 110.
21.97000, 102.
21.98000, 134.
21.99000, 107.
22.00000, 118.
22.01000, 99.
22.02000, 96.
22.03000, 96.
22.04000, 105.
22.05000, 126.
22.06000, 116.
22.07000, 99.
22.08000, 96.
22.09000, 108.
22.10000, 104.
22.11000, 100.
22.12000, 91.
22.13000, 110.
22.14000, 113.
22.15000, 107.
22.16000, 104.
22.17000, 94.
22.18000, 85.
22.19000, 97.
22.20000, 94.
22.21000, 88.
22.22000, 96.
22.23000, 105.
22.24000, 84.
22.25000, 97.
22.26000, 84.
22.27000, 106.
22.28000, 109.
22.29000, 97.
22.30000, 99.
22.31000, 93.
22.32000, 91.
22.33000, 92.
22.34000, 93.
22.35000, 100.
22.36000, 89.
22.37000, 83.
22.38000, 104.
22.39000, 91.
22.40000, 91.
22.41000, 75.
22.42000, 96.
22.43000, 89.
22.44000, 86.
22.45000, 85.
22.46000, 92.
22.47000, 118.
22.48000, 95.
22.49000, 102.
22.50000, 107.
22.51000, 97.
22.52000, 118.
22.53000, 98.
22.54000, 124.
22.55000, 130.
22.56000, 137.
22.57000, 139.
22.58000, 130.
22.59000, 137.
22.60000, 131.
22.61000, 131.
22.62000, 150.
22.63000, 148.
22.64000, 137.
22.65000, 138.
22.66000, 172.
22.67000, 149.
22.68000, 155.
22.69000, 146.
22.70000, 169.
22.71000, 159.
22.72000, 135.
22.73000, 127.
22.74000, 173.
22.75000, 149.
22.76000, 118.
22.77000, 149.
22.78000, 136.
22.79000, 165.
22.80000, 119.
22.81000, 130.
22.82000, 119.
22.83000, 106.
22.84000, 104.
22.85000, 104.
22.86000, 103.
22.87000, 95.
22.88000, 96.
22.89000, 90.
22.90000, 87.
22.91000, 80.
22.92000, 87.
22.93000, 93.
22.94000, 93.
22.95000, 79.
22.96000, 103.
22.97000, 98.
22.98000, 83.
22.99000, 86.
23.00000, 72.
23.01000, 77.
23.02000, 77.
23.03000, 88.
23.04000, 69.
23.05000, 96.
23.06000, 90.
23.07000, 92.
23.08000, 91.
23.09000, 91.
23.10000, 88.
23.11000, 82.
23.12000, 111.
23.13000, 81.
23.14000, 79.
23.15000, 97.
23.16000, 80.
23.17000, 86.
23.18000, 81.
23.19000, 80.
23.20000, 76.
23.21000, 85.
23.22000, 85.
23.23000, 87.
23.24000, 96.
23.25000, 91.
23.26000, 98.
23.27000, 93.
23.28000, 80.
23.29000, 80.
23.30000, 83.
23.31000, 88.
23.32000, 71.
23.33000, 81.
23.34000, 72.
23.35000, 69.
23.36000, 64.
23.37000, 65.
23.38000, 75.
23.39000, 76.
23.40000, 74.
23.41000, 74.
23.42000, 66.
23.43000, 93.
23.44000, 73.
23.45000, 66.
23.46000, 99.
23.47000, 71.
23.48000, 59.
23.49000, 80.
23.50000, 86.
23.51000, 71.
23.52000, 80.
23.53000, 89.
23.54000, 74.
23.55000, 64.
23.56000, 71.
23.57000, 85.
23.58000, 67.
23.59000, 75.
23.60000, 69.
23.61000, 71.
23.62000, 66.
23.63000, 72.
23.64000, 58.
23.65000, 80.
23.66000, 88.
23.67000, 65.
23.68000, 67.
23.69000, 53.
23.70000, 83.
23.71000, 81.
23.72000, 84.
23.73000, 71.
23.74000, 80.
23.75000, 77.
23.76000, 74.
23.77000, 65.
23.78000, 74.
23.79000, 74.
23.80000, 81.
23.81000, 66.
23.82000, 66.
23.83000, 62.
23.84000, 80.
23.85000, 68.
23.86000, 68.
23.87000, 85.
23.88000, 69.
23.89000, 96.
23.90000, 77.
23.91000, 57.
23.92000, 65.
23.93000, 66.
23.94000, 68.
23.95000, 58.
23.96000, 71.
23.97000, 70.
23.98000, 75.
23.99000, 69.
24.00000, 74.
24.01000, 52.
24.02000, 68.
24.03000, 68.
24.04000, 63.
24.05000, 80.
24.06000, 79.
24.07000, 78.
24.08000, 63.
24.09000, 74.
24.10000, 71.
24.11000, 78.
24.12000, 73.
24.13000, 78.
24.14000, 78.
24.15000, 68.
24.16000, 79.
24.17000, 62.
24.18000, 68.
24.19000, 69.
24.20000, 83.
24.21000, 71.
24.22000, 71.
24.23000, 83.
24.24000, 70.
24.25000, 79.
24.26000, 69.
24.27000, 81.
24.28000, 72.
24.29000, 68.
24.30000, 62.
24.31000, 57.
24.32000, 61.
24.33000, 65.
24.34000, 66.
24.35000, 84.
24.36000, 68.
24.37000, 61.
24.38000, 65.
24.39000, 60.
24.40000, 69.
24.41000, 80.
24.42000, 64.
24.43000, 56.
24.44000, 70.
24.45000, 79.
24.46000, 65.
24.47000, 80.
24.48000, 65.
24.49000, 65.
24.50000, 76.
24.51000, 69.
24.52000, 74.
24.53000, 69.
24.54000, 72.
24.55000, 75.
24.56000, 83.
24.57000, 45.
24.58000, 64.
24.59000, 64.
24.60000, 66.
24.61000, 70.
24.62000, 62.
24.63000, 61.
24.64000, 74.
24.65000, 70.
24.66000, 86.
24.67000, 61.
24.68000, 71.
24.69000, 72.
24.70000, 70.
24.71000, 68.
24.72000, 71.
24.73000, 66.
24.74000, 79.
24.75000, 64.
24.76000, 77.
24.77000, 77.
24.78000, 68.
24.79000, 62.
24.80000, 73.
24.81000, 69.
24.82000, 82.
24.83000, 72.
24.84000, 68.
24.85000, 67.
24.86000, 59.
24.87000, 72.
24.88000, 76.
24.89000, 83.
24.90000, 67.
24.91000, 73.
24.92000, 68.
24.93000, 76.
24.94000, 66.
24.95000, 80.
24.96000, 71.
24.97000, 90.
24.98000, 97.
24.99000, 67.
25.00000, 71.
25.01000, 62.
25.02000, 73.
25.03000, 81.
25.04000, 82.
25.05000, 84.
25.06000, 80.
25.07000, 76.
25.08000, 60.
25.09000, 81.
25.10000, 62.
25.11000, 80.
25.12000, 87.
25.13000, 80.
25.14000, 67.
25.15000, 68.
25.16000, 74.
25.17000, 85.
25.18000, 87.
25.19000, 65.
25.20000, 94.
25.21000, 90.
25.22000, 91.
25.23000, 86.
25.24000, 84.
25.25000, 83.
25.26000, 68.
25.27000, 90.
25.28000, 73.
25.29000, 88.
25.30000, 91.
25.31000, 94.
25.32000, 94.
25.33000, 71.
25.34000, 71.
25.35000, 70.
25.36000, 83.
25.37000, 64.
25.38000, 67.
25.39000, 77.
25.40000, 63.
25.41000, 65.
25.42000, 65.
25.43000, 62.
25.44000, 64.
25.45000, 65.
25.46000, 48.
25.47000, 69.
25.48000, 72.
25.49000, 68.
25.50000, 55.
25.51000, 60.
25.52000, 65.
25.53000, 71.
25.54000, 67.
25.55000, 60.
25.56000, 67.
25.57000, 70.
25.58000, 62.
25.59000, 86.
25.60000, 60.
25.61000, 71.
25.62000, 55.
25.63000, 63.
25.64000, 54.
25.65000, 67.
25.66000, 61.
25.67000, 68.
25.68000, 54.
25.69000, 60.
25.70000, 63.
25.71000, 74.
25.72000, 76.
25.73000, 77.
25.74000, 54.
25.75000, 66.
25.76000, 69.
25.77000, 83.
25.78000, 60.
25.79000, 59.
25.80000, 50.
25.81000, 61.
25.82000, 63.
25.83000, 58.
25.84000, 71.
25.85000, 66.
25.86000, 59.
25.87000, 67.
25.88000, 61.
25.89000, 59.
25.90000, 62.
25.91000, 74.
25.92000, 61.
25.93000, 61.
25.94000, 73.
25.95000, 59.
25.96000, 66.
25.97000, 78.
25.98000, 65.
25.99000, 61.
26.00000, 60.
26.01000, 65.
26.02000, 51.
26.03000, 63.
26.04000, 54.
26.05000, 59.
26.06000, 59.
26.07000, 61.
26.08000, 55.
26.09000, 61.
26.10000, 59.
26.11000, 56.
26.12000, 56.
26.13000, 66.
26.14000, 64.
26.15000, 50.
26.16000, 68.
26.17000, 66.
26.18000, 49.
26.19000, 62.
26.20000, 71.
26.21000, 48.
26.22000, 67.
26.23000, 63.
26.24000, 64.
26.25000, 71.
26.26000, 55.
26.27000, 51.
26.28000, 46.
26.29000, 60.
26.30000, 39.
26.31000, 69.
26.32000, 62.
26.33000, 73.
26.34000, 67.
26.35000, 63.
26.36000, 68.
26.37000, 58.
26.38000, 66.
26.39000, 56.
26.40000, 63.
26.41000, 78.
26.42000, 55.
26.43000, 62.
26.44000, 68.
26.45000, 82.
26.46000, 53.
26.47000, 56.
26.48000, 77.
26.49000, 64.
26.50000, 69.
26.51000, 64.
26.52000, 46.
26.53000, 60.
26.54000, 56.
26.55000, 66.
26.56000, 55.
26.57000, 59.
26.58000, 57.
26.59000, 54.
26.60000, 68.
26.61000, 61.
26.62000, 62.
26.63000, 67.
26.64000, 52.
26.65000, 55.
26.66000, 75.
26.67000, 51.
26.68000, 67.
26.69000, 75.
26.70000, 64.
26.71000, 68.
26.72000, 53.
26.73000, 54.
26.74000, 60.
26.75000, 63.
26.76000, 56.
26.77000, 67.
26.78000, 57.
26.79000, 65.
26.80000, 52.
26.81000, 61.
26.82000, 55.
26.83000, 60.
26.84000, 46.
26.85000, 51.
26.86000, 56.
26.87000, 55.
26.88000, 63.
26.89000, 58.
26.90000, 43.
26.91000, 66.
26.92000, 62.
26.93000, 49.
26.94000, 47.
26.95000, 53.
26.96000, 49.
26.97000, 57.
26.98000, 62.
26.99000, 57.
27.00000, 55.
27.01000, 66.
27.02000, 69.
27.03000, 48.
27.04000, 49.
27.05000, 64.
27.06000, 54.
27.07000, 63.
27.08000, 58.
27.09000, 51.
27.10000, 62.
27.11000, 62.
27.12000, 58.
27.13000, 45.
27.14000, 48.
27.15000, 47.
27.16000, 71.
27.17000, 67.
27.18000, 48.
27.19000, 49.
27.20000, 52.
27.21000, 40.
27.22000, 55.
27.23000, 59.
27.24000, 73.
27.25000, 45.
27.26000, 66.
27.27000, 59.
27.28000, 58.
27.29000, 73.
27.30000, 66.
27.31000, 65.
27.32000, 49.
27.33000, 54.
27.34000, 64.
27.35000, 66.
27.36000, 55.
27.37000, 51.
27.38000, 48.
27.39000, 51.
27.40000, 57.
27.41000, 54.
27.42000, 48.
27.43000, 49.
27.44000, 58.
27.45000, 50.
27.46000, 46.
27.47000, 41.
27.48000, 60.
27.49000, 50.
27.50000, 69.
27.51000, 49.
27.52000, 50.
27.53000, 58.
27.54000, 61.
27.55000, 50.
27.56000, 46.
27.57000, 58.
27.58000, 66.
27.59000, 61.
27.60000, 78.
27.61000, 45.
27.62000, 45.
27.63000, 48.
27.64000, 51.
27.65000, 52.
27.66000, 50.
27.67000, 70.
27.68000, 56.
27.69000, 45.
27.70000, 58.
27.71000, 54.
27.72000, 36.
27.73000, 48.
27.74000, 58.
27.75000, 55.
27.76000, 60.
27.77000, 60.
27.78000, 49.
27.79000, 58.
27.80000, 53.
27.81000, 42.
27.82000, 46.
27.83000, 54.
27.84000, 43.
27.85000, 50.
27.86000, 51.
27.87000, 37.
27.88000, 43.
27.89000, 55.
27.90000, 60.
27.91000, 45.
27.92000, 52.
27.93000, 49.
27.94000, 54.
27.95000, 53.
27.96000, 43.
27.97000, 54.
27.98000, 55.
27.99000, 60.
28.00000, 59.
28.01000, 51.
28.02000, 51.
28.03000, 44.
28.04000, 56.
28.05000, 41.
28.06000, 56.
28.07000, 56.
28.08000, 49.
28.09000, 50.
28.10000, 45.
28.11000, 45.
28.12000, 59.
28.13000, 63.
28.14000, 49.
28.15000, 54.
28.16000, 46.
28.17000, 54.
28.18000, 42.
28.19000, 53.
28.20000, 54.
28.21000, 38.
28.22000, 47.
28.23000, 58.
28.24000, 63.
28.25000, 55.
28.26000, 49.
28.27000, 55.
28.28000, 60.
28.29000, 45.
28.30000, 46.
28.31000, 48.
28.32000, 53.
28.33000, 36.
28.34000, 53.
28.35000, 38.
28.36000, 46.
28.37000, 57.
28.38000, 52.
28.39000, 66.
28.40000, 36.
28.41000, 41.
28.42000, 55.
28.43000, 50.
28.44000, 51.
28.45000, 42.
28.46000, 39.
28.47000, 47.
28.48000, 50.
28.49000, 48.
28.50000, 62.
28.51000, 51.
28.52000, 58.
28.53000, 52.
28.54000, 47.
28.55000, 60.
28.56000, 50.
28.57000, 47.
28.58000, 53.
28.59000, 42.
28.60000, 47.
28.61000, 50.
28.62000, 50.
28.63000, 38.
28.64000, 47.
28.65000, 48.
28.66000, 45.
28.67000, 60.
28.68000, 54.
28.69000, 44.
28.70000, 47.
28.71000, 54.
28.72000, 44.
28.73000, 53.
28.74000, 51.
28.75000, 36.
28.76000, 53.
28.77000, 49.
28.78000, 49.
28.79000, 44.
28.80000, 55.
28.81000, 51.
28.82000, 49.
28.83000, 36.
28.84000, 51.
28.85000, 47.
28.86000, 33.
28.87000, 36.
28.88000, 41.
28.89000, 55.
28.90000, 46.
28.91000, 47.
28.92000, 46.
28.93000, 43.
28.94000, 63.
28.95000, 36.
28.96000, 34.
28.97000, 42.
28.98000, 47.
28.99000, 44.
29.00000, 39.
29.01000, 45.
29.02000, 57.
29.03000, 47.
29.04000, 53.
29.05000, 42.
29.06000, 50.
29.07000, 50.
29.08000, 48.
29.09000, 56.
29.10000, 47.
29.11000, 48.
29.12000, 43.
29.13000, 51.
29.14000, 41.
29.15000, 42.
29.16000, 45.
29.17000, 48.
29.18000, 60.
29.19000, 44.
29.20000, 46.
29.21000, 45.
29.22000, 52.
29.23000, 41.
29.24000, 45.
29.25000, 41.
29.26000, 43.
29.27000, 38.
29.28000, 33.
29.29000, 38.
29.30000, 44.
29.31000, 44.
29.32000, 42.
29.33000, 28.
29.34000, 57.
29.35000, 49.
29.36000, 40.
29.37000, 35.
29.38000, 50.
29.39000, 40.
29.40000, 39.
29.41000, 42.
29.42000, 35.
29.43000, 44.
29.44000, 49.
29.45000, 40.
29.46000, 46.
29.47000, 41.
29.48000, 38.
29.49000, 42.
29.50000, 47.
29.51000, 41.
29.52000, 42.
29.53000, 45.
29.54000, 48.
29.55000, 51.
29.56000, 32.
29.57000, 44.
29.58000, 34.
29.59000, 46.
29.60000, 38.
29.61000, 53.
29.62000, 42.
29.63000, 33.
29.64000, 48.
29.65000, 36.
29.66000, 41.
29.67000, 48.
29.68000, 50.
29.69000, 41.
29.70000, 45.
29.71000, 39.
29.72000, 49.
29.73000, 33.
29.74000, 54.
29.75000, 38.
29.76000, 41.
29.77000, 42.
29.78000, 38.
29.79000, 45.
29.80000, 39.
29.81000, 45.
29.82000, 32.
29.83000, 37.
29.84000, 42.
29.85000, 37.
29.86000, 54.
29.87000, 44.
29.88000, 41.
29.89000, 38.
29.90000, 38.
29.91000, 42.
29.92000, 39.
29.93000, 35.
29.94000, 45.
29.95000, 38.
29.96000, 36.
29.97000, 42.
29.98000, 38.
29.99000, 46.
30.00000, 45.
30.01000, 37.
30.02000, 36.
30.03000, 36.
30.04000, 29.
30.05000, 43.
30.06000, 44.
30.07000, 38.
30.08000, 35.
30.09000, 36.
30.10000, 45.
30.11000, 31.
30.12000, 31.
30.13000, 33.
30.14000, 31.
30.15000, 33.
30.16000, 41.
30.17000, 41.
30.18000, 43.
30.19000, 55.
30.20000, 40.
30.21000, 28.
30.22000, 47.
30.23000, 32.
30.24000, 38.
30.25000, 37.
30.26000, 43.
30.27000, 45.
30.28000, 39.
30.29000, 31.
30.30000, 40.
30.31000, 41.
30.32000, 36.
30.33000, 32.
30.34000, 34.
30.35000, 31.
30.36000, 24.
30.37000, 38.
30.38000, 35.
30.39000, 48.
30.40000, 37.
30.41000, 31.
30.42000, 33.
30.43000, 41.
30.44000, 45.
30.45000, 34.
30.46000, 34.
30.47000, 47.
30.48000, 37.
30.49000, 28.
30.50000, 44.
30.51000, 34.
30.52000, 46.
30.53000, 28.
30.54000, 31.
30.55000, 31.
30.56000, 35.
30.57000, 29.
30.58000, 35.
30.59000, 40.
30.60000, 42.
30.61000, 43.
30.62000, 41.
30.63000, 25.
30.64000, 26.
30.65000, 33.
30.66000, 46.
30.67000, 40.
30.68000, 47.
30.69000, 35.
30.70000, 42.
30.71000, 33.
30.72000, 33.
30.73000, 35.
30.74000, 46.
30.75000, 39.
30.76000, 35.
30.77000, 36.
30.78000, 29.
30.79000, 31.
30.80000, 42.
30.81000, 37.
30.82000, 40.
30.83000, 42.
30.84000, 34.
30.85000, 28.
30.86000, 32.
30.87000, 29.
30.88000, 30.
30.89000, 33.
30.90000, 38.
30.91000, 27.
30.92000, 37.
30.93000, 27.
30.94000, 42.
30.95000, 42.
30.96000, 33.
30.97000, 30.
30.98000, 31.
30.99000, 34.
31.00000, 29.
31.01000, 36.
31.02000, 36.
31.03000, 32.
31.04000, 28.
31.05000, 32.
31.06000, 35.
31.07000, 31.
31.08000, 32.
31.09000, 22.
31.10000, 30.
31.11000, 32.
31.12000, 28.
31.13000, 32.
31.14000, 34.
31.15000, 31.
31.16000, 33.
31.17000, 41.
31.18000, 38.
31.19000, 35.
31.20000, 36.
31.21000, 31.
31.22000, 29.
31.23000, 33.
31.24000, 29.
31.25000, 30.
31.26000, 40.
31.27000, 31.
31.28000, 27.
31.29000, 40.
31.30000, 32.
31.31000, 38.
31.32000, 27.
31.33000, 35.
31.34000, 34.
31.35000, 30.
31.36000, 38.
31.37000, 25.
31.38000, 28.
31.39000, 31.
31.40000, 41.
31.41000, 31.
31.42000, 46.
31.43000, 30.
31.44000, 19.
31.45000, 40.
31.46000, 33.
31.47000, 33.
31.48000, 26.
31.49000, 48.
31.50000, 34.
31.51000, 32.
31.52000, 24.
31.53000, 39.
31.54000, 31.
31.55000, 31.
31.56000, 35.
31.57000, 22.
31.58000, 34.
31.59000, 42.
31.60000, 39.
31.61000, 47.
31.62000, 38.
31.63000, 29.
31.64000, 28.
31.65000, 40.
31.66000, 44.
31.67000, 40.
31.68000, 36.
31.69000, 37.
31.70000, 41.
31.71000, 45.
31.72000, 46.
31.73000, 36.
31.74000, 40.
31.75000, 38.
31.76000, 48.
31.77000, 37.
31.78000, 37.
31.79000, 49.
31.80000, 37.
31.81000, 41.
31.82000, 46.
31.83000, 41.
31.84000, 28.
31.85000, 43.
31.86000, 42.
31.87000, 49.
31.88000, 36.
31.89000, 36.
31.90000, 34.
31.91000, 43.
31.92000, 33.
31.93000, 35.
31.94000, 38.
31.95000, 37.
31.96000, 37.
31.97000, 35.
31.98000, 38.
31.99000, 44.
32.00000, 40.
32.01000, 45.
32.02000, 43.
32.03000, 52.
32.04000, 44.
32.05000, 50.
32.06000, 52.
32.07000, 56.
32.08000, 42.
32.09000, 50.
32.10000, 50.
32.11000, 56.
32.12000, 45.
32.13000, 56.
32.14000, 45.
32.15000, 57.
32.16000, 54.
32.17000, 41.
32.18000, 51.
32.19000, 49.
32.20000, 49.
32.21000, 46.
32.22000, 35.
32.23000, 50.
32.24000, 35.
32.25000, 47.
32.26000, 54.
32.27000, 30.
32.28000, 32.
32.29000, 39.
32.30000, 40.
32.31000, 44.
32.32000, 34.
32.33000, 42.
32.34000, 25.
32.35000, 26.
32.36000, 33.
32.37000, 26.
32.38000, 33.
32.39000, 27.
32.40000, 25.
32.41000, 27.
32.42000, 30.
32.43000, 26.
32.44000, 32.
32.45000, 31.
32.46000, 30.
32.47000, 31.
32.48000, 27.
32.49000, 35.
32.50000, 28.
32.51000, 22.
32.52000, 28.
32.53000, 31.
32.54000, 27.
32.55000, 30.
32.56000, 31.
32.57000, 27.
32.58000, 41.
32.59000, 26.
32.60000, 24.
32.61000, 28.
32.62000, 29.
32.63000, 23.
32.64000, 35.
32.65000, 26.
32.66000, 24.
32.67000, 30.
32.68000, 24.
32.69000, 23.
32.70000, 31.
32.71000, 26.
32.72000, 29.
32.73000, 29.
32.74000, 23.
32.75000, 30.
32.76000, 31.
32.77000, 33.
32.78000, 35.
32.79000, 34.
32.80000, 26.
32.81000, 23.
32.82000, 34.
32.83000, 27.
32.84000, 26.
32.85000, 31.
32.86000, 33.
32.87000, 24.
32.88000, 19.
32.89000, 28.
32.90000, 39.
32.91000, 30.
32.92000, 23.
32.93000, 23.
32.94000, 31.
32.95000, 24.
32.96000, 26.
32.97000, 24.
32.98000, 25.
32.99000, 27.
33.00000, 30.
33.01000, 18.
33.02000, 35.
33.03000, 18.
33.04000, 25.
33.05000, 32.
33.06000, 28.
33.07000, 22.
33.08000, 22.
33.09000, 20.
33.10000, 21.
33.11000, 33.
33.12000, 29.
33.13000, 26.
33.14000, 24.
33.15000, 25.
33.16000, 26.
33.17000, 21.
33.18000, 18.
33.19000, 25.
33.20000, 28.
33.21000, 25.
33.22000, 20.
33.23000, 25.
33.24000, 27.
33.25000, 25.
33.26000, 26.
33.27000, 29.
33.28000, 30.
33.29000, 33.
33.30000, 18.
33.31000, 26.
33.32000, 40.
33.33000, 21.
33.34000, 31.
33.35000, 22.
33.36000, 17.
33.37000, 25.
33.38000, 37.
33.39000, 27.
33.40000, 32.
33.41000, 22.
33.42000, 22.
33.43000, 24.
33.44000, 29.
33.45000, 23.
33.46000, 25.
33.47000, 31.
33.48000, 25.
33.49000, 22.
33.50000, 21.
33.51000, 27.
33.52000, 27.
33.53000, 26.
33.54000, 26.
33.55000, 28.
33.56000, 25.
33.57000, 19.
33.58000, 27.
33.59000, 18.
33.60000, 16.
33.61000, 26.
33.62000, 17.
33.63000, 32.
33.64000, 33.
33.65000, 20.
33.66000, 34.
33.67000, 22.
33.68000, 19.
33.69000, 22.
33.70000, 21.
33.71000, 21.
33.72000, 30.
33.73000, 26.
33.74000, 20.
33.75000, 24.
33.76000, 34.
33.77000, 25.
33.78000, 23.
33.79000, 27.
33.80000, 23.
33.81000, 40.
33.82000, 24.
33.83000, 19.
33.84000, 29.
33.85000, 21.
33.86000, 24.
33.87000, 26.
33.88000, 21.
33.89000, 20.
33.90000, 25.
33.91000, 19.
33.92000, 21.
33.93000, 19.
33.94000, 29.
33.95000, 23.
33.96000, 21.
33.97000, 22.
33.98000, 13.
33.99000, 23.
34.00000, 28.
34.01000, 23.
34.02000, 13.
34.03000, 18.
34.04000, 18.
34.05000, 17.
34.06000, 19.
34.07000, 23.
34.08000, 22.
34.09000, 20.
34.10000, 20.
34.11000, 23.
34.12000, 30.
34.13000, 15.
34.14000, 20.
34.15000, 15.
34.16000, 24.
34.17000, 23.
34.18000, 18.
34.19000, 26.
34.20000, 25.
34.21000, 22.
34.22000, 26.
34.23000, 23.
34.24000, 21.
34.25000, 26.
34.26000, 26.
34.27000, 14.
34.28000, 21.
34.29000, 20.
34.30000, 21.
34.31000, 17.
34.32000, 18.
34.33000, 17.
34.34000, 22.
34.35000, 18.
34.36000, 28.
34.37000, 21.
34.38000, 21.
34.39000, 14.
34.40000, 18.
34.41000, 19.
34.42000, 19.
34.43000, 17.
34.44000, 17.
34.45000, 20.
34.46000, 22.
34.47000, 18.
34.48000, 21.
34.49000, 23.
34.50000, 22.
34.51000, 24.
34.52000, 26.
34.53000, 18.
34.54000, 16.
34.55000, 27.
34.56000, 23.
34.57000, 21.
34.58000, 23.
34.59000, 26.
34.60000, 17.
34.61000, 22.
34.62000, 13.
34.63000, 25.
34.64000, 15.
34.65000, 24.
34.66000, 18.
34.67000, 20.
34.68000, 21.
34.69000, 18.
34.70000, 18.
34.71000, 26.
34.72000, 24.
34.73000, 19.
34.74000, 24.
34.75000, 17.
34.76000, 15.
34.77000, 25.
34.78000, 17.
34.79000, 19.
34.80000, 17.
34.81000, 15.
34.82000, 14.
34.83000, 22.
34.84000, 22.
34.85000, 20.
34.86000, 15.
34.87000, 15.
34.88000, 16.
34.89000, 20.
34.90000, 22.
34.91000, 19.
34.92000, 17.
34.93000, 13.
34.94000, 16.
34.95000, 17.
34.96000, 20.
34.97000, 13.
34.98000, 22.
34.99000, 18.
35.00000, 22.
35.01000, 16.
35.02000, 20.
35.03000, 20.
35.04000, 15.
35.05000, 20.
35.06000, 22.
35.07000, 12.
35.08000, 17.
35.09000, 22.
35.10000, 12.
35.11000, 21.
35.12000, 14.
35.13000, 21.
35.14000, 22.
35.15000, 15.
35.16000, 17.
35.17000, 20.
35.18000, 15.
35.19000, 22.
35.20000, 22.
35.21000, 13.
35.22000, 14.
35.23000, 16.
35.24000, 18.
35.25000, 20.
35.26000, 21.
35.27000, 18.
35.28000, 14.
35.29000, 12.
35.30000, 11.
35.31000, 19.
35.32000, 10.
35.33000, 20.
35.34000, 20.
35.35000, 10.
35.36000, 22.
35.37000, 19.
35.38000, 15.
35.39000, 22.
35.40000, 25.
35.41000, 19.
35.42000, 18.
35.43000, 15.
35.44000, 10.
35.45000, 15.
35.46000, 15.
35.47000, 20.
35.48000, 14.
35.49000, 19.
35.50000, 22.
35.51000, 16.
35.52000, 18.
35.53000, 17.
35.54000, 14.
35.55000, 22.
35.56000, 18.
35.57000, 16.
35.58000, 10.
35.59000, 15.
35.60000, 14.
35.61000, 16.
35.62000, 16.
35.63000, 21.
35.64000, 23.
35.65000, 10.
35.66000, 15.
35.67000, 18.
35.68000, 22.
35.69000, 12.
35.70000, 16.
35.71000, 13.
35.72000, 10.
35.73000, 20.
35.74000, 18.
35.75000, 13.
35.76000, 16.
35.77000, 11.
35.78000, 10.
35.79000, 11.
35.80000, 14.
35.81000, 20.
35.82000, 15.
35.83000, 22.
35.84000, 18.
35.85000, 19.
35.86000, 16.
35.87000, 17.
35.88000, 18.
35.89000, 18.
35.90000, 14.
35.91000, 23.
35.92000, 15.
35.93000, 17.
35.94000, 22.
35.95000, 9.
35.96000, 13.
35.97000, 11.
35.98000, 14.
35.99000, 20.
36.00000, 18.
36.01000, 16.
36.02000, 11.
36.03000, 13.
36.04000, 17.
36.05000, 12.
36.06000, 21.
36.07000, 17.
36.08000, 17.
36.09000, 10.
36.10000, 18.
36.11000, 18.
36.12000, 20.
36.13000, 20.
36.14000, 15.
36.15000, 17.
36.16000, 23.
36.17000, 16.
36.18000, 21.
36.19000, 24.
36.20000, 17.
36.21000, 15.
36.22000, 17.
36.23000, 18.
36.24000, 22.
36.25000, 21.
36.26000, 23.
36.27000, 20.
36.28000, 25.
36.29000, 16.
36.30000, 21.
36.31000, 17.
36.32000, 20.
36.33000, 17.
36.34000, 19.
36.35000, 27.
36.36000, 20.
36.37000, 11.
36.38000, 17.
36.39000, 23.
36.40000, 16.
36.41000, 20.
36.42000, 6.
36.43000, 12.
36.44000, 17.
36.45000, 14.
36.46000, 14.
36.47000, 12.
36.48000, 12.
36.49000, 13.
36.50000, 15.
36.51000, 12.
36.52000, 13.
36.53000, 15.
36.54000, 23.
36.55000, 16.
36.56000, 10.
36.57000, 14.
36.58000, 16.
36.59000, 12.
36.60000, 15.
36.61000, 18.
36.62000, 10.
36.63000, 16.
36.64000, 13.
36.65000, 8.
36.66000, 11.
36.67000, 7.
36.68000, 12.
36.69000, 9.
36.70000, 11.
36.71000, 7.
36.72000, 13.
36.73000, 18.
36.74000, 8.
36.75000, 8.
36.76000, 17.
36.77000, 17.
36.78000, 11.
36.79000, 14.
36.80000, 13.
36.81000, 7.
36.82000, 16.
36.83000, 18.
36.84000, 12.
36.85000, 6.
36.86000, 15.
36.87000, 8.
36.88000, 20.
36.89000, 18.
36.90000, 13.
36.91000, 8.
36.92000, 13.
36.93000, 12.
36.94000, 13.
36.95000, 13.
36.96000, 8.
36.97000, 14.
36.98000, 12.
36.99000, 4.
37.00000, 18.
37.01000, 11.
37.02000, 12.
37.03000, 10.
37.04000, 11.
37.05000, 12.
37.06000, 14.
37.07000, 14.
37.08000, 17.
37.09000, 14.
37.10000, 9.
37.11000, 9.
37.12000, 7.
37.13000, 12.
37.14000, 7.
37.15000, 15.
37.16000, 10.
37.17000, 13.
37.18000, 9.
37.19000, 13.
37.20000, 16.
37.21000, 16.
37.22000, 10.
37.23000, 12.
37.24000, 13.
37.25000, 10.
37.26000, 8.
37.27000, 18.
37.28000, 15.
37.29000, 12.
37.30000, 11.
37.31000, 9.
37.32000, 10.
37.33000, 14.
37.34000, 20.
37.35000, 12.
37.36000, 7.
37.37000, 6.
37.38000, 16.
37.39000, 10.
37.40000, 8.
37.41000, 17.
37.42000, 13.
37.43000, 11.
37.44000, 15.
37.45000, 5.
37.46000, 9.
37.47000, 16.
37.48000, 5.
37.49000, 16.
37.50000, 7.
37.51000, 13.
37.52000, 9.
37.53000, 11.
37.54000, 18.
37.55000, 7.
37.56000, 25.
37.57000, 13.
37.58000, 7.
37.59000, 13.
37.60000, 6.
37.61000, 13.
37.62000, 19.
37.63000, 10.
37.64000, 10.
37.65000, 13.
37.66000, 19.
37.67000, 8.
37.68000, 15.
37.69000, 8.
37.70000, 8.
37.71000, 11.
37.72000, 8.
37.73000, 9.
37.74000, 11.
37.75000, 16.
37.76000, 9.
37.77000, 9.
37.78000, 5.
37.79000, 14.
37.80000, 7.
37.81000, 7.
37.82000, 14.
37.83000, 11.
37.84000, 11.
37.85000, 7.
37.86000, 10.
37.87000, 11.
37.88000, 13.
37.89000, 6.
37.90000, 9.
37.91000, 15.
37.92000, 11.
37.93000, 14.
37.94000, 11.
37.95000, 12.
37.96000, 9.
37.97000, 13.
37.98000, 9.
37.99000, 12.
38.00000, 9.
38.01000, 9.
38.02000, 13.
38.03000, 7.
38.04000, 12.
38.05000, 10.
38.06000, 16.
38.07000, 8.
38.08000, 10.
38.09000, 4.
38.10000, 11.
38.11000, 7.
38.12000, 8.
38.13000, 8.
38.14000, 9.
38.15000, 9.
38.16000, 10.
38.17000, 13.
38.18000, 6.
38.19000, 10.
38.20000, 7.
38.21000, 10.
38.22000, 10.
38.23000, 8.
38.24000, 10.
38.25000, 10.
38.26000, 9.
38.27000, 11.
38.28000, 10.
38.29000, 12.
38.30000, 7.
38.31000, 11.
38.32000, 4.
38.33000, 10.
38.34000, 7.
38.35000, 9.
38.36000, 10.
38.37000, 6.
38.38000, 9.
38.39000, 9.
38.40000, 10.
38.41000, 11.
38.42000, 4.
38.43000, 10.
38.44000, 6.
38.45000, 5.
38.46000, 4.
38.47000, 9.
38.48000, 7.
38.49000, 8.
38.50000, 9.
38.51000, 7.
38.52000, 11.
38.53000, 5.
38.54000, 8.
38.55000, 6.
38.56000, 5.
38.57000, 13.
38.58000, 5.
38.59000, 6.
38.60000, 11.
38.61000, 9.
38.62000, 8.
38.63000, 4.
38.64000, 4.
38.65000, 13.
38.66000, 12.
38.67000, 9.
38.68000, 16.
38.69000, 5.
38.70000, 10.
38.71000, 5.
38.72000, 7.
38.73000, 10.
38.74000, 6.
38.75000, 13.
38.76000, 10.
38.77000, 4.
38.78000, 13.
38.79000, 13.
38.80000, 9.
38.81000, 5.
38.82000, 8.
38.83000, 12.
38.84000, 9.
38.85000, 3.
38.86000, 11.
38.87000, 4.
38.88000, 6.
38.89000, 9.
38.90000, 12.
38.91000, 11.
38.92000, 9.
38.93000, 7.
38.94000, 8.
38.95000, 10.
38.96000, 3.
38.97000, 8.
38.98000, 5.
38.99000, 8.
39.00000, 10.
39.01000, 7.
39.02000, 5.
39.03000, 5.
39.04000, 11.
39.05000, 7.
39.06000, 6.
39.07000, 7.
39.08000, 10.
39.09000, 10.
39.10000, 9.
39.11000, 4.
39.12000, 6.
39.13000, 8.
39.14000, 4.
39.15000, 6.
39.16000, 9.
39.17000, 4.
39.18000, 3.
39.19000, 7.
39.20000, 7.
39.21000, 9.
39.22000, 9.
39.23000, 5.
39.24000, 6.
39.25000, 3.
39.26000, 5.
39.27000, 6.
39.28000, 8.
39.29000, 9.
39.30000, 6.
39.31000, 8.
39.32000, 7.
39.33000, 10.
39.34000, 6.
39.35000, 1.
39.36000, 12.
39.37000, 6.
39.38000, 7.
39.39000, 8.
39.40000, 8.
39.41000, 6.
39.42000, 10.
39.43000, 5.
39.44000, 5.
39.45000, 5.
39.46000, 9.
39.47000, 6.
39.48000, 6.
39.49000, 4.
39.50000, 8.
39.51000, 7.
39.52000, 7.
39.53000, 7.
39.54000, 15.
39.55000, 3.
39.56000, 7.
39.57000, 4.
39.58000, 4.
39.59000, 5.
39.60000, 5.
39.61000, 7.
39.62000, 10.
39.63000, 10.
39.64000, 3.
39.65000, 5.
39.66000, 9.
39.67000, 6.
39.68000, 6.
39.69000, 5.
39.70000, 4.
39.71000, 2.
39.72000, 6.
39.73000, 8.
39.74000, 6.
39.75000, 12.
39.76000, 6.
39.77000, 7.
39.78000, 6.
39.79000, 4.
39.80000, 3.
39.81000, 7.
39.82000, 4.
39.83000, 9.
39.84000, 2.
39.85000, 4.
39.86000, 3.
39.87000, 4.
39.88000, 7.
39.89000, 5.
39.90000, 8.
39.91000, 4.
39.92000, 4.
39.93000, 5.
39.94000, 5.
39.95000, 4.
39.96000, 5.
39.97000, 4.
39.98000, 9.
39.99000, 4.
40.00000, 8.
40.01000, 2.
40.02000, 5.
40.03000, 7.
40.04000, 3.
40.05000, 1.
40.06000, 7.
40.07000, 6.
40.08000, 4.
40.09000, 4.
40.10000, 9.
40.11000, 4.
40.12000, 5.
40.13000, 3.
40.14000, 7.
40.15000, 8.
40.16000, 4.
40.17000, 9.
40.18000, 1.
40.19000, 6.
40.20000, 6.
40.21000, 4.
40.22000, 5.
40.23000, 10.
40.24000, 5.
40.25000, 3.
40.26000, 4.
40.27000, 3.
40.28000, 2.
40.29000, 3.
40.30000, 4.
40.31000, 7.
40.32000, 3.
40.33000, 3.
40.34000, 2.
40.35000, 4.
40.36000, 2.
40.37000, 5.
40.38000, 6.
40.39000, 6.
40.40000, 6.
40.41000, 8.
40.42000, 2.
40.43000, 4.
40.44000, 5.
40.45000, 5.
40.46000, 5.
40.47000, 6.
40.48000, 3.
40.49000, 3.
40.50000, 3.
40.51000, 4.
40.52000, 5.
40.53000, 4.
40.54000, 9.
40.55000, 0.
#ENDOFDATA   : 
