#FORMAT      : EMSA/MAS Spectral Data File
#VERSION     : 1.0
#TITLE       : LC2030623EE-3
#DATE        : 26-APR-2023
#TIME        : 13:59
#OWNER       : XGT7200
#NPOINTS     : 4096.
#NCOLUMNS    : 1.
#XUNITS      : keV
#YUNITS      : counts
#DATATYPE    : XY
#XPERCHAN    : 0.0100000
#OFFSET      : -0.400000
#SIGNALTYPE  : EDS
#CHOFFSET    : 40.0000
#LIVETIME    : 30.000000
#REALTIME    : 40.010645
#BEAMKV      : 50.0000
#PROBECUR    : 625000.
#MAGCAM      : 100.000
#XTILTSTGE   : 0.0
#AZIMANGLE   : 0.0
#ELEVANGLE   : 45.0
#XPOSITION mm: 0.0000
#YPOSITION mm: 0.0000
#ZPOSITION mm: 0.0000
##OXINSTPT   : 4
##OXINSTSTROB: 71.85
#SPECTRUM    : Spectral Data Starts Here
-0.40000, 0.
-0.39000, 0.
-0.38000, 0.
-0.37000, 0.
-0.36000, 0.
-0.35000, 0.
-0.34000, 0.
-0.33000, 0.
-0.32000, 0.
-0.31000, 0.
-0.30000, 0.
-0.29000, 0.
-0.28000, 0.
-0.27000, 0.
-0.26000, 0.
-0.25000, 0.
-0.24000, 0.
-0.23000, 0.
-0.22000, 0.
-0.21000, 0.
-0.20000, 0.
-0.19000, 0.
-0.18000, 0.
-0.17000, 0.
-0.16000, 0.
-0.15000, 0.
-0.14000, 0.
-0.13000, 0.
-0.12000, 0.
-0.11000, 0.
-0.10000, 0.
-0.09000, 0.
-0.08000, 0.
-0.07000, 0.
-0.06000, 0.
-0.05000, 0.
-0.04000, 0.
-0.03000, 0.
-0.02000, 0.
-0.01000, 0.
0.00000, 0.
0.01000, 0.
0.02000, 0.
0.03000, 0.
0.04000, 0.
0.05000, 0.
0.06000, 0.
0.07000, 0.
0.08000, 0.
0.09000, 0.
0.10000, 0.
0.11000, 0.
0.12000, 0.
0.13000, 0.
0.14000, 0.
0.15000, 0.
0.16000, 0.
0.17000, 0.
0.18000, 0.
0.19000, 0.
0.20000, 0.
0.21000, 0.
0.22000, 0.
0.23000, 0.
0.24000, 0.
0.25000, 0.
0.26000, 0.
0.27000, 0.
0.28000, 0.
0.29000, 0.
0.30000, 0.
0.31000, 0.
0.32000, 1.
0.33000, 1.
0.34000, 1.
0.35000, 3.
0.36000, 3.
0.37000, 7.
0.38000, 13.
0.39000, 15.
0.40000, 23.
0.41000, 28.
0.42000, 47.
0.43000, 43.
0.44000, 41.
0.45000, 49.
0.46000, 39.
0.47000, 52.
0.48000, 51.
0.49000, 53.
0.50000, 51.
0.51000, 45.
0.52000, 57.
0.53000, 48.
0.54000, 41.
0.55000, 55.
0.56000, 56.
0.57000, 46.
0.58000, 55.
0.59000, 50.
0.60000, 48.
0.61000, 51.
0.62000, 47.
0.63000, 32.
0.64000, 58.
0.65000, 38.
0.66000, 43.
0.67000, 36.
0.68000, 40.
0.69000, 42.
0.70000, 38.
0.71000, 48.
0.72000, 40.
0.73000, 34.
0.74000, 46.
0.75000, 40.
0.76000, 47.
0.77000, 50.
0.78000, 39.
0.79000, 46.
0.80000, 41.
0.81000, 43.
0.82000, 47.
0.83000, 41.
0.84000, 38.
0.85000, 43.
0.86000, 44.
0.87000, 37.
0.88000, 41.
0.89000, 39.
0.90000, 35.
0.91000, 63.
0.92000, 43.
0.93000, 48.
0.94000, 45.
0.95000, 49.
0.96000, 45.
0.97000, 48.
0.98000, 59.
0.99000, 55.
1.00000, 72.
1.01000, 55.
1.02000, 66.
1.03000, 58.
1.04000, 54.
1.05000, 69.
1.06000, 62.
1.07000, 53.
1.08000, 49.
1.09000, 59.
1.10000, 60.
1.11000, 43.
1.12000, 44.
1.13000, 53.
1.14000, 54.
1.15000, 42.
1.16000, 48.
1.17000, 46.
1.18000, 57.
1.19000, 49.
1.20000, 53.
1.21000, 61.
1.22000, 53.
1.23000, 55.
1.24000, 53.
1.25000, 58.
1.26000, 65.
1.27000, 62.
1.28000, 56.
1.29000, 57.
1.30000, 51.
1.31000, 51.
1.32000, 46.
1.33000, 41.
1.34000, 46.
1.35000, 52.
1.36000, 51.
1.37000, 43.
1.38000, 70.
1.39000, 69.
1.40000, 133.
1.41000, 141.
1.42000, 233.
1.43000, 331.
1.44000, 417.
1.45000, 558.
1.46000, 674.
1.47000, 809.
1.48000, 877.
1.49000, 939.
1.50000, 941.
1.51000, 852.
1.52000, 805.
1.53000, 622.
1.54000, 539.
1.55000, 401.
1.56000, 324.
1.57000, 247.
1.58000, 187.
1.59000, 158.
1.60000, 144.
1.61000, 151.
1.62000, 192.
1.63000, 243.
1.64000, 384.
1.65000, 598.
1.66000, 1064.
1.67000, 1580.
1.68000, 2314.
1.69000, 3195.
1.70000, 4195.
1.71000, 5305.
1.72000, 6351.
1.73000, 7474.
1.74000, 7780.
1.75000, 7875.
1.76000, 7378.
1.77000, 6520.
1.78000, 5707.
1.79000, 4767.
1.80000, 3639.
1.81000, 2665.
1.82000, 1913.
1.83000, 1460.
1.84000, 946.
1.85000, 681.
1.86000, 477.
1.87000, 389.
1.88000, 298.
1.89000, 208.
1.90000, 145.
1.91000, 142.
1.92000, 112.
1.93000, 108.
1.94000, 98.
1.95000, 109.
1.96000, 90.
1.97000, 118.
1.98000, 96.
1.99000, 139.
2.00000, 127.
2.01000, 149.
2.02000, 117.
2.03000, 144.
2.04000, 116.
2.05000, 126.
2.06000, 93.
2.07000, 77.
2.08000, 74.
2.09000, 58.
2.10000, 55.
2.11000, 41.
2.12000, 33.
2.13000, 35.
2.14000, 39.
2.15000, 41.
2.16000, 42.
2.17000, 44.
2.18000, 48.
2.19000, 32.
2.20000, 43.
2.21000, 38.
2.22000, 52.
2.23000, 41.
2.24000, 39.
2.25000, 56.
2.26000, 64.
2.27000, 66.
2.28000, 79.
2.29000, 94.
2.30000, 104.
2.31000, 106.
2.32000, 117.
2.33000, 87.
2.34000, 110.
2.35000, 87.
2.36000, 85.
2.37000, 77.
2.38000, 75.
2.39000, 60.
2.40000, 57.
2.41000, 55.
2.42000, 57.
2.43000, 56.
2.44000, 49.
2.45000, 44.
2.46000, 54.
2.47000, 43.
2.48000, 40.
2.49000, 47.
2.50000, 40.
2.51000, 38.
2.52000, 51.
2.53000, 47.
2.54000, 41.
2.55000, 44.
2.56000, 61.
2.57000, 50.
2.58000, 90.
2.59000, 92.
2.60000, 90.
2.61000, 141.
2.62000, 148.
2.63000, 207.
2.64000, 237.
2.65000, 324.
2.66000, 377.
2.67000, 433.
2.68000, 441.
2.69000, 532.
2.70000, 487.
2.71000, 512.
2.72000, 503.
2.73000, 430.
2.74000, 404.
2.75000, 326.
2.76000, 298.
2.77000, 281.
2.78000, 261.
2.79000, 252.
2.80000, 240.
2.81000, 249.
2.82000, 255.
2.83000, 280.
2.84000, 318.
2.85000, 282.
2.86000, 271.
2.87000, 224.
2.88000, 234.
2.89000, 211.
2.90000, 215.
2.91000, 149.
2.92000, 161.
2.93000, 120.
2.94000, 86.
2.95000, 89.
2.96000, 86.
2.97000, 87.
2.98000, 75.
2.99000, 64.
3.00000, 59.
3.01000, 69.
3.02000, 63.
3.03000, 51.
3.04000, 52.
3.05000, 44.
3.06000, 41.
3.07000, 38.
3.08000, 36.
3.09000, 29.
3.10000, 38.
3.11000, 29.
3.12000, 41.
3.13000, 39.
3.14000, 47.
3.15000, 32.
3.16000, 59.
3.17000, 64.
3.18000, 64.
3.19000, 93.
3.20000, 123.
3.21000, 158.
3.22000, 185.
3.23000, 283.
3.24000, 373.
3.25000, 509.
3.26000, 626.
3.27000, 771.
3.28000, 961.
3.29000, 1037.
3.30000, 1140.
3.31000, 1242.
3.32000, 1238.
3.33000, 1259.
3.34000, 1118.
3.35000, 1028.
3.36000, 951.
3.37000, 737.
3.38000, 588.
3.39000, 444.
3.40000, 384.
3.41000, 256.
3.42000, 186.
3.43000, 152.
3.44000, 97.
3.45000, 74.
3.46000, 74.
3.47000, 56.
3.48000, 58.
3.49000, 72.
3.50000, 93.
3.51000, 85.
3.52000, 112.
3.53000, 134.
3.54000, 132.
3.55000, 197.
3.56000, 199.
3.57000, 237.
3.58000, 300.
3.59000, 384.
3.60000, 437.
3.61000, 549.
3.62000, 650.
3.63000, 799.
3.64000, 940.
3.65000, 1057.
3.66000, 1150.
3.67000, 1370.
3.68000, 1478.
3.69000, 1523.
3.70000, 1475.
3.71000, 1485.
3.72000, 1350.
3.73000, 1191.
3.74000, 1031.
3.75000, 854.
3.76000, 674.
3.77000, 545.
3.78000, 399.
3.79000, 289.
3.80000, 210.
3.81000, 156.
3.82000, 120.
3.83000, 62.
3.84000, 58.
3.85000, 38.
3.86000, 40.
3.87000, 32.
3.88000, 50.
3.89000, 56.
3.90000, 64.
3.91000, 65.
3.92000, 76.
3.93000, 91.
3.94000, 95.
3.95000, 120.
3.96000, 143.
3.97000, 198.
3.98000, 186.
3.99000, 200.
4.00000, 241.
4.01000, 250.
4.02000, 264.
4.03000, 242.
4.04000, 224.
4.05000, 207.
4.06000, 197.
4.07000, 166.
4.08000, 124.
4.09000, 107.
4.10000, 103.
4.11000, 78.
4.12000, 71.
4.13000, 55.
4.14000, 52.
4.15000, 43.
4.16000, 24.
4.17000, 34.
4.18000, 24.
4.19000, 20.
4.20000, 33.
4.21000, 31.
4.22000, 24.
4.23000, 27.
4.24000, 34.
4.25000, 23.
4.26000, 23.
4.27000, 32.
4.28000, 31.
4.29000, 34.
4.30000, 34.
4.31000, 43.
4.32000, 32.
4.33000, 40.
4.34000, 52.
4.35000, 49.
4.36000, 55.
4.37000, 68.
4.38000, 87.
4.39000, 101.
4.40000, 133.
4.41000, 168.
4.42000, 211.
4.43000, 260.
4.44000, 302.
4.45000, 384.
4.46000, 438.
4.47000, 519.
4.48000, 589.
4.49000, 577.
4.50000, 613.
4.51000, 646.
4.52000, 674.
4.53000, 607.
4.54000, 463.
4.55000, 471.
4.56000, 434.
4.57000, 351.
4.58000, 301.
4.59000, 242.
4.60000, 210.
4.61000, 183.
4.62000, 156.
4.63000, 118.
4.64000, 112.
4.65000, 108.
4.66000, 85.
4.67000, 83.
4.68000, 91.
4.69000, 89.
4.70000, 69.
4.71000, 63.
4.72000, 71.
4.73000, 82.
4.74000, 69.
4.75000, 83.
4.76000, 77.
4.77000, 95.
4.78000, 79.
4.79000, 120.
4.80000, 94.
4.81000, 108.
4.82000, 126.
4.83000, 131.
4.84000, 103.
4.85000, 129.
4.86000, 143.
4.87000, 162.
4.88000, 136.
4.89000, 149.
4.90000, 144.
4.91000, 159.
4.92000, 175.
4.93000, 174.
4.94000, 151.
4.95000, 162.
4.96000, 152.
4.97000, 135.
4.98000, 125.
4.99000, 112.
5.00000, 119.
5.01000, 111.
5.02000, 94.
5.03000, 81.
5.04000, 76.
5.05000, 59.
5.06000, 60.
5.07000, 69.
5.08000, 58.
5.09000, 59.
5.10000, 64.
5.11000, 61.
5.12000, 56.
5.13000, 72.
5.14000, 65.
5.15000, 56.
5.16000, 65.
5.17000, 71.
5.18000, 79.
5.19000, 61.
5.20000, 80.
5.21000, 60.
5.22000, 62.
5.23000, 72.
5.24000, 60.
5.25000, 51.
5.26000, 59.
5.27000, 58.
5.28000, 71.
5.29000, 72.
5.30000, 69.
5.31000, 65.
5.32000, 56.
5.33000, 57.
5.34000, 76.
5.35000, 68.
5.36000, 75.
5.37000, 72.
5.38000, 66.
5.39000, 63.
5.40000, 87.
5.41000, 93.
5.42000, 67.
5.43000, 80.
5.44000, 63.
5.45000, 81.
5.46000, 73.
5.47000, 64.
5.48000, 76.
5.49000, 61.
5.50000, 65.
5.51000, 72.
5.52000, 73.
5.53000, 57.
5.54000, 75.
5.55000, 76.
5.56000, 68.
5.57000, 71.
5.58000, 86.
5.59000, 72.
5.60000, 59.
5.61000, 77.
5.62000, 63.
5.63000, 56.
5.64000, 53.
5.65000, 73.
5.66000, 63.
5.67000, 64.
5.68000, 76.
5.69000, 67.
5.70000, 68.
5.71000, 65.
5.72000, 69.
5.73000, 73.
5.74000, 72.
5.75000, 89.
5.76000, 78.
5.77000, 99.
5.78000, 100.
5.79000, 111.
5.80000, 126.
5.81000, 136.
5.82000, 169.
5.83000, 199.
5.84000, 220.
5.85000, 237.
5.86000, 266.
5.87000, 242.
5.88000, 258.
5.89000, 306.
5.90000, 264.
5.91000, 266.
5.92000, 281.
5.93000, 266.
5.94000, 232.
5.95000, 199.
5.96000, 205.
5.97000, 148.
5.98000, 140.
5.99000, 130.
6.00000, 102.
6.01000, 103.
6.02000, 70.
6.03000, 87.
6.04000, 86.
6.05000, 82.
6.06000, 66.
6.07000, 79.
6.08000, 84.
6.09000, 81.
6.10000, 73.
6.11000, 69.
6.12000, 84.
6.13000, 79.
6.14000, 100.
6.15000, 102.
6.16000, 93.
6.17000, 112.
6.18000, 125.
6.19000, 143.
6.20000, 149.
6.21000, 206.
6.22000, 229.
6.23000, 328.
6.24000, 471.
6.25000, 649.
6.26000, 887.
6.27000, 1226.
6.28000, 1609.
6.29000, 2193.
6.30000, 2886.
6.31000, 3627.
6.32000, 4538.
6.33000, 5611.
6.34000, 6606.
6.35000, 7418.
6.36000, 8538.
6.37000, 9249.
6.38000, 10103.
6.39000, 10509.
6.40000, 10810.
6.41000, 10657.
6.42000, 10142.
6.43000, 9588.
6.44000, 8634.
6.45000, 7815.
6.46000, 6629.
6.47000, 5779.
6.48000, 4655.
6.49000, 3824.
6.50000, 2996.
6.51000, 2252.
6.52000, 1644.
6.53000, 1254.
6.54000, 947.
6.55000, 672.
6.56000, 473.
6.57000, 360.
6.58000, 252.
6.59000, 175.
6.60000, 163.
6.61000, 149.
6.62000, 126.
6.63000, 125.
6.64000, 118.
6.65000, 83.
6.66000, 87.
6.67000, 85.
6.68000, 98.
6.69000, 83.
6.70000, 99.
6.71000, 95.
6.72000, 87.
6.73000, 104.
6.74000, 106.
6.75000, 117.
6.76000, 119.
6.77000, 85.
6.78000, 111.
6.79000, 112.
6.80000, 87.
6.81000, 115.
6.82000, 117.
6.83000, 89.
6.84000, 103.
6.85000, 138.
6.86000, 134.
6.87000, 158.
6.88000, 187.
6.89000, 186.
6.90000, 224.
6.91000, 271.
6.92000, 325.
6.93000, 381.
6.94000, 483.
6.95000, 575.
6.96000, 685.
6.97000, 781.
6.98000, 918.
6.99000, 1094.
7.00000, 1297.
7.01000, 1406.
7.02000, 1545.
7.03000, 1671.
7.04000, 1737.
7.05000, 1678.
7.06000, 1736.
7.07000, 1708.
7.08000, 1594.
7.09000, 1574.
7.10000, 1405.
7.11000, 1242.
7.12000, 1090.
7.13000, 863.
7.14000, 767.
7.15000, 626.
7.16000, 525.
7.17000, 448.
7.18000, 317.
7.19000, 263.
7.20000, 215.
7.21000, 204.
7.22000, 134.
7.23000, 121.
7.24000, 107.
7.25000, 92.
7.26000, 79.
7.27000, 85.
7.28000, 83.
7.29000, 85.
7.30000, 79.
7.31000, 92.
7.32000, 85.
7.33000, 84.
7.34000, 69.
7.35000, 85.
7.36000, 75.
7.37000, 67.
7.38000, 80.
7.39000, 79.
7.40000, 89.
7.41000, 104.
7.42000, 89.
7.43000, 98.
7.44000, 83.
7.45000, 99.
7.46000, 92.
7.47000, 91.
7.48000, 88.
7.49000, 85.
7.50000, 84.
7.51000, 95.
7.52000, 74.
7.53000, 92.
7.54000, 88.
7.55000, 78.
7.56000, 66.
7.57000, 84.
7.58000, 88.
7.59000, 71.
7.60000, 78.
7.61000, 83.
7.62000, 87.
7.63000, 85.
7.64000, 93.
7.65000, 82.
7.66000, 74.
7.67000, 62.
7.68000, 80.
7.69000, 92.
7.70000, 82.
7.71000, 82.
7.72000, 78.
7.73000, 89.
7.74000, 91.
7.75000, 92.
7.76000, 92.
7.77000, 92.
7.78000, 80.
7.79000, 93.
7.80000, 97.
7.81000, 84.
7.82000, 85.
7.83000, 97.
7.84000, 86.
7.85000, 100.
7.86000, 104.
7.87000, 101.
7.88000, 117.
7.89000, 109.
7.90000, 113.
7.91000, 109.
7.92000, 120.
7.93000, 130.
7.94000, 149.
7.95000, 119.
7.96000, 162.
7.97000, 158.
7.98000, 173.
7.99000, 156.
8.00000, 183.
8.01000, 161.
8.02000, 158.
8.03000, 188.
8.04000, 187.
8.05000, 200.
8.06000, 192.
8.07000, 147.
8.08000, 151.
8.09000, 153.
8.10000, 179.
8.11000, 167.
8.12000, 151.
8.13000, 180.
8.14000, 156.
8.15000, 164.
8.16000, 161.
8.17000, 149.
8.18000, 131.
8.19000, 128.
8.20000, 113.
8.21000, 138.
8.22000, 118.
8.23000, 154.
8.24000, 131.
8.25000, 126.
8.26000, 117.
8.27000, 116.
8.28000, 117.
8.29000, 95.
8.30000, 94.
8.31000, 126.
8.32000, 119.
8.33000, 113.
8.34000, 107.
8.35000, 125.
8.36000, 107.
8.37000, 116.
8.38000, 126.
8.39000, 106.
8.40000, 103.
8.41000, 108.
8.42000, 120.
8.43000, 112.
8.44000, 136.
8.45000, 131.
8.46000, 148.
8.47000, 156.
8.48000, 186.
8.49000, 166.
8.50000, 211.
8.51000, 218.
8.52000, 284.
8.53000, 295.
8.54000, 385.
8.55000, 381.
8.56000, 458.
8.57000, 474.
8.58000, 546.
8.59000, 590.
8.60000, 603.
8.61000, 634.
8.62000, 611.
8.63000, 666.
8.64000, 640.
8.65000, 609.
8.66000, 615.
8.67000, 571.
8.68000, 544.
8.69000, 500.
8.70000, 433.
8.71000, 418.
8.72000, 359.
8.73000, 311.
8.74000, 258.
8.75000, 258.
8.76000, 215.
8.77000, 203.
8.78000, 180.
8.79000, 154.
8.80000, 158.
8.81000, 151.
8.82000, 147.
8.83000, 155.
8.84000, 118.
8.85000, 152.
8.86000, 117.
8.87000, 137.
8.88000, 110.
8.89000, 139.
8.90000, 141.
8.91000, 118.
8.92000, 134.
8.93000, 134.
8.94000, 124.
8.95000, 126.
8.96000, 119.
8.97000, 127.
8.98000, 134.
8.99000, 128.
9.00000, 133.
9.01000, 116.
9.02000, 121.
9.03000, 124.
9.04000, 133.
9.05000, 118.
9.06000, 128.
9.07000, 135.
9.08000, 135.
9.09000, 141.
9.10000, 142.
9.11000, 126.
9.12000, 141.
9.13000, 122.
9.14000, 153.
9.15000, 134.
9.16000, 142.
9.17000, 156.
9.18000, 166.
9.19000, 157.
9.20000, 167.
9.21000, 134.
9.22000, 163.
9.23000, 160.
9.24000, 149.
9.25000, 164.
9.26000, 160.
9.27000, 155.
9.28000, 133.
9.29000, 154.
9.30000, 132.
9.31000, 133.
9.32000, 136.
9.33000, 132.
9.34000, 120.
9.35000, 142.
9.36000, 147.
9.37000, 156.
9.38000, 125.
9.39000, 118.
9.40000, 137.
9.41000, 154.
9.42000, 163.
9.43000, 130.
9.44000, 146.
9.45000, 167.
9.46000, 158.
9.47000, 148.
9.48000, 170.
9.49000, 178.
9.50000, 192.
9.51000, 205.
9.52000, 222.
9.53000, 216.
9.54000, 224.
9.55000, 224.
9.56000, 229.
9.57000, 243.
9.58000, 200.
9.59000, 219.
9.60000, 218.
9.61000, 220.
9.62000, 170.
9.63000, 177.
9.64000, 199.
9.65000, 171.
9.66000, 187.
9.67000, 179.
9.68000, 170.
9.69000, 145.
9.70000, 144.
9.71000, 182.
9.72000, 137.
9.73000, 136.
9.74000, 151.
9.75000, 132.
9.76000, 138.
9.77000, 157.
9.78000, 140.
9.79000, 152.
9.80000, 130.
9.81000, 136.
9.82000, 140.
9.83000, 132.
9.84000, 135.
9.85000, 123.
9.86000, 137.
9.87000, 133.
9.88000, 144.
9.89000, 137.
9.90000, 127.
9.91000, 151.
9.92000, 134.
9.93000, 112.
9.94000, 130.
9.95000, 139.
9.96000, 149.
9.97000, 116.
9.98000, 113.
9.99000, 157.
10.00000, 137.
10.01000, 125.
10.02000, 123.
10.03000, 133.
10.04000, 131.
10.05000, 171.
10.06000, 141.
10.07000, 138.
10.08000, 134.
10.09000, 160.
10.10000, 141.
10.11000, 134.
10.12000, 124.
10.13000, 138.
10.14000, 146.
10.15000, 135.
10.16000, 141.
10.17000, 140.
10.18000, 143.
10.19000, 147.
10.20000, 125.
10.21000, 158.
10.22000, 159.
10.23000, 137.
10.24000, 175.
10.25000, 125.
10.26000, 141.
10.27000, 147.
10.28000, 132.
10.29000, 146.
10.30000, 135.
10.31000, 149.
10.32000, 147.
10.33000, 142.
10.34000, 162.
10.35000, 196.
10.36000, 159.
10.37000, 172.
10.38000, 192.
10.39000, 178.
10.40000, 196.
10.41000, 225.
10.42000, 232.
10.43000, 245.
10.44000, 246.
10.45000, 272.
10.46000, 291.
10.47000, 343.
10.48000, 338.
10.49000, 376.
10.50000, 389.
10.51000, 401.
10.52000, 374.
10.53000, 378.
10.54000, 396.
10.55000, 378.
10.56000, 402.
10.57000, 396.
10.58000, 351.
10.59000, 369.
10.60000, 337.
10.61000, 315.
10.62000, 298.
10.63000, 277.
10.64000, 270.
10.65000, 248.
10.66000, 207.
10.67000, 206.
10.68000, 203.
10.69000, 178.
10.70000, 162.
10.71000, 172.
10.72000, 169.
10.73000, 157.
10.74000, 146.
10.75000, 167.
10.76000, 147.
10.77000, 139.
10.78000, 148.
10.79000, 169.
10.80000, 147.
10.81000, 158.
10.82000, 139.
10.83000, 136.
10.84000, 149.
10.85000, 170.
10.86000, 142.
10.87000, 142.
10.88000, 138.
10.89000, 149.
10.90000, 134.
10.91000, 161.
10.92000, 158.
10.93000, 162.
10.94000, 130.
10.95000, 160.
10.96000, 159.
10.97000, 146.
10.98000, 127.
10.99000, 173.
11.00000, 140.
11.01000, 164.
11.02000, 150.
11.03000, 142.
11.04000, 187.
11.05000, 160.
11.06000, 163.
11.07000, 144.
11.08000, 148.
11.09000, 159.
11.10000, 170.
11.11000, 136.
11.12000, 168.
11.13000, 137.
11.14000, 129.
11.15000, 148.
11.16000, 170.
11.17000, 138.
11.18000, 154.
11.19000, 162.
11.20000, 149.
11.21000, 177.
11.22000, 141.
11.23000, 164.
11.24000, 147.
11.25000, 158.
11.26000, 142.
11.27000, 158.
11.28000, 153.
11.29000, 164.
11.30000, 180.
11.31000, 150.
11.32000, 166.
11.33000, 150.
11.34000, 145.
11.35000, 152.
11.36000, 162.
11.37000, 157.
11.38000, 189.
11.39000, 157.
11.40000, 157.
11.41000, 162.
11.42000, 139.
11.43000, 161.
11.44000, 143.
11.45000, 156.
11.46000, 171.
11.47000, 143.
11.48000, 140.
11.49000, 166.
11.50000, 168.
11.51000, 182.
11.52000, 158.
11.53000, 176.
11.54000, 151.
11.55000, 160.
11.56000, 175.
11.57000, 153.
11.58000, 188.
11.59000, 164.
11.60000, 160.
11.61000, 164.
11.62000, 172.
11.63000, 167.
11.64000, 147.
11.65000, 152.
11.66000, 155.
11.67000, 140.
11.68000, 147.
11.69000, 164.
11.70000, 153.
11.71000, 153.
11.72000, 156.
11.73000, 148.
11.74000, 163.
11.75000, 162.
11.76000, 127.
11.77000, 142.
11.78000, 157.
11.79000, 174.
11.80000, 165.
11.81000, 164.
11.82000, 157.
11.83000, 154.
11.84000, 160.
11.85000, 211.
11.86000, 140.
11.87000, 179.
11.88000, 156.
11.89000, 175.
11.90000, 145.
11.91000, 153.
11.92000, 178.
11.93000, 153.
11.94000, 177.
11.95000, 164.
11.96000, 155.
11.97000, 178.
11.98000, 145.
11.99000, 152.
12.00000, 159.
12.01000, 170.
12.02000, 172.
12.03000, 157.
12.04000, 182.
12.05000, 163.
12.06000, 181.
12.07000, 146.
12.08000, 177.
12.09000, 173.
12.10000, 175.
12.11000, 169.
12.12000, 171.
12.13000, 182.
12.14000, 180.
12.15000, 193.
12.16000, 165.
12.17000, 153.
12.18000, 168.
12.19000, 155.
12.20000, 187.
12.21000, 193.
12.22000, 186.
12.23000, 196.
12.24000, 177.
12.25000, 180.
12.26000, 164.
12.27000, 183.
12.28000, 174.
12.29000, 156.
12.30000, 163.
12.31000, 190.
12.32000, 156.
12.33000, 165.
12.34000, 152.
12.35000, 188.
12.36000, 165.
12.37000, 175.
12.38000, 198.
12.39000, 190.
12.40000, 189.
12.41000, 192.
12.42000, 192.
12.43000, 194.
12.44000, 184.
12.45000, 208.
12.46000, 230.
12.47000, 233.
12.48000, 243.
12.49000, 241.
12.50000, 256.
12.51000, 261.
12.52000, 291.
12.53000, 285.
12.54000, 322.
12.55000, 342.
12.56000, 386.
12.57000, 370.
12.58000, 391.
12.59000, 398.
12.60000, 392.
12.61000, 399.
12.62000, 387.
12.63000, 414.
12.64000, 378.
12.65000, 372.
12.66000, 352.
12.67000, 355.
12.68000, 310.
12.69000, 347.
12.70000, 314.
12.71000, 305.
12.72000, 306.
12.73000, 253.
12.74000, 256.
12.75000, 250.
12.76000, 259.
12.77000, 223.
12.78000, 217.
12.79000, 204.
12.80000, 220.
12.81000, 192.
12.82000, 214.
12.83000, 213.
12.84000, 199.
12.85000, 220.
12.86000, 196.
12.87000, 197.
12.88000, 218.
12.89000, 182.
12.90000, 206.
12.91000, 175.
12.92000, 193.
12.93000, 192.
12.94000, 171.
12.95000, 201.
12.96000, 183.
12.97000, 185.
12.98000, 178.
12.99000, 176.
13.00000, 160.
13.01000, 184.
13.02000, 187.
13.03000, 172.
13.04000, 179.
13.05000, 160.
13.06000, 174.
13.07000, 184.
13.08000, 174.
13.09000, 177.
13.10000, 177.
13.11000, 162.
13.12000, 153.
13.13000, 176.
13.14000, 192.
13.15000, 199.
13.16000, 176.
13.17000, 182.
13.18000, 223.
13.19000, 169.
13.20000, 199.
13.21000, 207.
13.22000, 211.
13.23000, 223.
13.24000, 210.
13.25000, 218.
13.26000, 223.
13.27000, 235.
13.28000, 265.
13.29000, 236.
13.30000, 242.
13.31000, 272.
13.32000, 307.
13.33000, 276.
13.34000, 275.
13.35000, 293.
13.36000, 320.
13.37000, 291.
13.38000, 293.
13.39000, 269.
13.40000, 293.
13.41000, 278.
13.42000, 283.
13.43000, 241.
13.44000, 273.
13.45000, 220.
13.46000, 232.
13.47000, 233.
13.48000, 245.
13.49000, 213.
13.50000, 250.
13.51000, 204.
13.52000, 218.
13.53000, 182.
13.54000, 185.
13.55000, 172.
13.56000, 168.
13.57000, 174.
13.58000, 149.
13.59000, 173.
13.60000, 176.
13.61000, 163.
13.62000, 174.
13.63000, 154.
13.64000, 159.
13.65000, 168.
13.66000, 172.
13.67000, 174.
13.68000, 142.
13.69000, 160.
13.70000, 172.
13.71000, 182.
13.72000, 159.
13.73000, 150.
13.74000, 163.
13.75000, 169.
13.76000, 189.
13.77000, 176.
13.78000, 171.
13.79000, 159.
13.80000, 195.
13.81000, 189.
13.82000, 158.
13.83000, 185.
13.84000, 181.
13.85000, 181.
13.86000, 194.
13.87000, 189.
13.88000, 188.
13.89000, 193.
13.90000, 210.
13.91000, 204.
13.92000, 204.
13.93000, 220.
13.94000, 232.
13.95000, 233.
13.96000, 287.
13.97000, 256.
13.98000, 301.
13.99000, 293.
14.00000, 367.
14.01000, 379.
14.02000, 400.
14.03000, 417.
14.04000, 520.
14.05000, 517.
14.06000, 538.
14.07000, 620.
14.08000, 608.
14.09000, 609.
14.10000, 618.
14.11000, 638.
14.12000, 637.
14.13000, 694.
14.14000, 680.
14.15000, 656.
14.16000, 652.
14.17000, 600.
14.18000, 627.
14.19000, 541.
14.20000, 535.
14.21000, 493.
14.22000, 434.
14.23000, 446.
14.24000, 409.
14.25000, 340.
14.26000, 361.
14.27000, 311.
14.28000, 312.
14.29000, 258.
14.30000, 256.
14.31000, 235.
14.32000, 203.
14.33000, 192.
14.34000, 199.
14.35000, 228.
14.36000, 213.
14.37000, 187.
14.38000, 168.
14.39000, 182.
14.40000, 193.
14.41000, 182.
14.42000, 156.
14.43000, 176.
14.44000, 182.
14.45000, 160.
14.46000, 164.
14.47000, 171.
14.48000, 187.
14.49000, 174.
14.50000, 149.
14.51000, 211.
14.52000, 171.
14.53000, 189.
14.54000, 168.
14.55000, 196.
14.56000, 176.
14.57000, 160.
14.58000, 178.
14.59000, 172.
14.60000, 173.
14.61000, 188.
14.62000, 194.
14.63000, 168.
14.64000, 193.
14.65000, 199.
14.66000, 180.
14.67000, 188.
14.68000, 191.
14.69000, 210.
14.70000, 191.
14.71000, 202.
14.72000, 191.
14.73000, 217.
14.74000, 214.
14.75000, 217.
14.76000, 233.
14.77000, 198.
14.78000, 217.
14.79000, 205.
14.80000, 215.
14.81000, 205.
14.82000, 223.
14.83000, 219.
14.84000, 215.
14.85000, 232.
14.86000, 191.
14.87000, 216.
14.88000, 220.
14.89000, 246.
14.90000, 229.
14.91000, 211.
14.92000, 221.
14.93000, 208.
14.94000, 201.
14.95000, 223.
14.96000, 179.
14.97000, 212.
14.98000, 196.
14.99000, 194.
15.00000, 203.
15.01000, 228.
15.02000, 184.
15.03000, 199.
15.04000, 208.
15.05000, 170.
15.06000, 179.
15.07000, 171.
15.08000, 184.
15.09000, 182.
15.10000, 186.
15.11000, 189.
15.12000, 177.
15.13000, 201.
15.14000, 190.
15.15000, 150.
15.16000, 175.
15.17000, 151.
15.18000, 181.
15.19000, 189.
15.20000, 196.
15.21000, 178.
15.22000, 177.
15.23000, 192.
15.24000, 162.
15.25000, 188.
15.26000, 184.
15.27000, 186.
15.28000, 178.
15.29000, 172.
15.30000, 181.
15.31000, 175.
15.32000, 189.
15.33000, 156.
15.34000, 173.
15.35000, 185.
15.36000, 156.
15.37000, 166.
15.38000, 161.
15.39000, 167.
15.40000, 163.
15.41000, 151.
15.42000, 162.
15.43000, 184.
15.44000, 173.
15.45000, 196.
15.46000, 188.
15.47000, 212.
15.48000, 179.
15.49000, 180.
15.50000, 193.
15.51000, 190.
15.52000, 207.
15.53000, 212.
15.54000, 237.
15.55000, 274.
15.56000, 262.
15.57000, 268.
15.58000, 314.
15.59000, 320.
15.60000, 323.
15.61000, 361.
15.62000, 397.
15.63000, 417.
15.64000, 446.
15.65000, 489.
15.66000, 543.
15.67000, 535.
15.68000, 551.
15.69000, 588.
15.70000, 582.
15.71000, 569.
15.72000, 645.
15.73000, 633.
15.74000, 678.
15.75000, 600.
15.76000, 619.
15.77000, 611.
15.78000, 612.
15.79000, 592.
15.80000, 591.
15.81000, 503.
15.82000, 490.
15.83000, 499.
15.84000, 457.
15.85000, 420.
15.86000, 385.
15.87000, 351.
15.88000, 376.
15.89000, 291.
15.90000, 321.
15.91000, 251.
15.92000, 279.
15.93000, 289.
15.94000, 256.
15.95000, 197.
15.96000, 215.
15.97000, 204.
15.98000, 218.
15.99000, 187.
16.00000, 189.
16.01000, 186.
16.02000, 193.
16.03000, 171.
16.04000, 193.
16.05000, 147.
16.06000, 190.
16.07000, 170.
16.08000, 186.
16.09000, 175.
16.10000, 172.
16.11000, 187.
16.12000, 179.
16.13000, 161.
16.14000, 182.
16.15000, 155.
16.16000, 157.
16.17000, 164.
16.18000, 167.
16.19000, 174.
16.20000, 195.
16.21000, 174.
16.22000, 173.
16.23000, 150.
16.24000, 160.
16.25000, 177.
16.26000, 179.
16.27000, 153.
16.28000, 173.
16.29000, 126.
16.30000, 161.
16.31000, 148.
16.32000, 180.
16.33000, 150.
16.34000, 151.
16.35000, 154.
16.36000, 165.
16.37000, 178.
16.38000, 159.
16.39000, 154.
16.40000, 152.
16.41000, 177.
16.42000, 171.
16.43000, 166.
16.44000, 176.
16.45000, 174.
16.46000, 180.
16.47000, 168.
16.48000, 163.
16.49000, 165.
16.50000, 180.
16.51000, 172.
16.52000, 179.
16.53000, 195.
16.54000, 181.
16.55000, 166.
16.56000, 177.
16.57000, 185.
16.58000, 166.
16.59000, 220.
16.60000, 185.
16.61000, 171.
16.62000, 169.
16.63000, 169.
16.64000, 184.
16.65000, 172.
16.66000, 191.
16.67000, 183.
16.68000, 178.
16.69000, 184.
16.70000, 168.
16.71000, 154.
16.72000, 157.
16.73000, 167.
16.74000, 155.
16.75000, 170.
16.76000, 199.
16.77000, 156.
16.78000, 161.
16.79000, 160.
16.80000, 163.
16.81000, 186.
16.82000, 144.
16.83000, 179.
16.84000, 163.
16.85000, 177.
16.86000, 160.
16.87000, 164.
16.88000, 189.
16.89000, 163.
16.90000, 132.
16.91000, 165.
16.92000, 152.
16.93000, 146.
16.94000, 170.
16.95000, 164.
16.96000, 174.
16.97000, 171.
16.98000, 162.
16.99000, 170.
17.00000, 184.
17.01000, 169.
17.02000, 185.
17.03000, 159.
17.04000, 182.
17.05000, 154.
17.06000, 208.
17.07000, 190.
17.08000, 181.
17.09000, 159.
17.10000, 181.
17.11000, 183.
17.12000, 175.
17.13000, 183.
17.14000, 169.
17.15000, 187.
17.16000, 152.
17.17000, 202.
17.18000, 170.
17.19000, 188.
17.20000, 176.
17.21000, 174.
17.22000, 199.
17.23000, 171.
17.24000, 186.
17.25000, 204.
17.26000, 181.
17.27000, 188.
17.28000, 159.
17.29000, 184.
17.30000, 187.
17.31000, 178.
17.32000, 166.
17.33000, 179.
17.34000, 187.
17.35000, 183.
17.36000, 201.
17.37000, 201.
17.38000, 157.
17.39000, 203.
17.40000, 204.
17.41000, 182.
17.42000, 209.
17.43000, 196.
17.44000, 195.
17.45000, 174.
17.46000, 188.
17.47000, 185.
17.48000, 218.
17.49000, 182.
17.50000, 221.
17.51000, 218.
17.52000, 238.
17.53000, 247.
17.54000, 220.
17.55000, 232.
17.56000, 249.
17.57000, 236.
17.58000, 247.
17.59000, 239.
17.60000, 254.
17.61000, 247.
17.62000, 276.
17.63000, 263.
17.64000, 277.
17.65000, 268.
17.66000, 280.
17.67000, 250.
17.68000, 225.
17.69000, 259.
17.70000, 279.
17.71000, 268.
17.72000, 250.
17.73000, 240.
17.74000, 242.
17.75000, 240.
17.76000, 252.
17.77000, 237.
17.78000, 256.
17.79000, 246.
17.80000, 224.
17.81000, 227.
17.82000, 232.
17.83000, 232.
17.84000, 233.
17.85000, 215.
17.86000, 238.
17.87000, 227.
17.88000, 208.
17.89000, 223.
17.90000, 241.
17.91000, 237.
17.92000, 230.
17.93000, 216.
17.94000, 220.
17.95000, 234.
17.96000, 262.
17.97000, 265.
17.98000, 244.
17.99000, 250.
18.00000, 240.
18.01000, 221.
18.02000, 228.
18.03000, 253.
18.04000, 257.
18.05000, 240.
18.06000, 267.
18.07000, 263.
18.08000, 278.
18.09000, 262.
18.10000, 264.
18.11000, 277.
18.12000, 290.
18.13000, 281.
18.14000, 271.
18.15000, 282.
18.16000, 282.
18.17000, 293.
18.18000, 283.
18.19000, 283.
18.20000, 296.
18.21000, 295.
18.22000, 271.
18.23000, 308.
18.24000, 299.
18.25000, 321.
18.26000, 352.
18.27000, 344.
18.28000, 330.
18.29000, 363.
18.30000, 372.
18.31000, 328.
18.32000, 371.
18.33000, 369.
18.34000, 414.
18.35000, 370.
18.36000, 409.
18.37000, 405.
18.38000, 429.
18.39000, 503.
18.40000, 450.
18.41000, 469.
18.42000, 498.
18.43000, 494.
18.44000, 456.
18.45000, 544.
18.46000, 527.
18.47000, 560.
18.48000, 581.
18.49000, 538.
18.50000, 602.
18.51000, 628.
18.52000, 589.
18.53000, 603.
18.54000, 636.
18.55000, 692.
18.56000, 693.
18.57000, 762.
18.58000, 742.
18.59000, 759.
18.60000, 832.
18.61000, 809.
18.62000, 789.
18.63000, 825.
18.64000, 850.
18.65000, 865.
18.66000, 897.
18.67000, 889.
18.68000, 912.
18.69000, 973.
18.70000, 932.
18.71000, 990.
18.72000, 955.
18.73000, 1008.
18.74000, 1000.
18.75000, 1024.
18.76000, 1029.
18.77000, 1054.
18.78000, 1030.
18.79000, 1032.
18.80000, 1037.
18.81000, 1024.
18.82000, 1108.
18.83000, 1060.
18.84000, 1018.
18.85000, 1035.
18.86000, 1029.
18.87000, 1024.
18.88000, 1035.
18.89000, 998.
18.90000, 1000.
18.91000, 985.
18.92000, 1003.
18.93000, 981.
18.94000, 939.
18.95000, 918.
18.96000, 855.
18.97000, 912.
18.98000, 927.
18.99000, 870.
19.00000, 911.
19.01000, 846.
19.02000, 883.
19.03000, 806.
19.04000, 739.
19.05000, 819.
19.06000, 801.
19.07000, 773.
19.08000, 774.
19.09000, 682.
19.10000, 687.
19.11000, 727.
19.12000, 703.
19.13000, 657.
19.14000, 676.
19.15000, 618.
19.16000, 565.
19.17000, 573.
19.18000, 565.
19.19000, 532.
19.20000, 579.
19.21000, 439.
19.22000, 521.
19.23000, 495.
19.24000, 478.
19.25000, 481.
19.26000, 430.
19.27000, 461.
19.28000, 432.
19.29000, 399.
19.30000, 415.
19.31000, 407.
19.32000, 397.
19.33000, 350.
19.34000, 354.
19.35000, 355.
19.36000, 365.
19.37000, 365.
19.38000, 366.
19.39000, 335.
19.40000, 300.
19.41000, 313.
19.42000, 293.
19.43000, 296.
19.44000, 310.
19.45000, 305.
19.46000, 297.
19.47000, 279.
19.48000, 298.
19.49000, 240.
19.50000, 258.
19.51000, 260.
19.52000, 249.
19.53000, 262.
19.54000, 240.
19.55000, 229.
19.56000, 255.
19.57000, 242.
19.58000, 214.
19.59000, 220.
19.60000, 251.
19.61000, 228.
19.62000, 268.
19.63000, 233.
19.64000, 231.
19.65000, 223.
19.66000, 212.
19.67000, 238.
19.68000, 223.
19.69000, 203.
19.70000, 207.
19.71000, 203.
19.72000, 197.
19.73000, 207.
19.74000, 191.
19.75000, 197.
19.76000, 199.
19.77000, 189.
19.78000, 181.
19.79000, 199.
19.80000, 229.
19.81000, 189.
19.82000, 201.
19.83000, 218.
19.84000, 193.
19.85000, 202.
19.86000, 234.
19.87000, 210.
19.88000, 239.
19.89000, 255.
19.90000, 263.
19.91000, 266.
19.92000, 271.
19.93000, 299.
19.94000, 284.
19.95000, 326.
19.96000, 341.
19.97000, 326.
19.98000, 372.
19.99000, 387.
20.00000, 416.
20.01000, 431.
20.02000, 458.
20.03000, 483.
20.04000, 484.
20.05000, 464.
20.06000, 524.
20.07000, 534.
20.08000, 519.
20.09000, 615.
20.10000, 557.
20.11000, 696.
20.12000, 612.
20.13000, 672.
20.14000, 625.
20.15000, 612.
20.16000, 614.
20.17000, 668.
20.18000, 612.
20.19000, 595.
20.20000, 623.
20.21000, 559.
20.22000, 559.
20.23000, 553.
20.24000, 522.
20.25000, 520.
20.26000, 486.
20.27000, 448.
20.28000, 385.
20.29000, 415.
20.30000, 389.
20.31000, 309.
20.32000, 330.
20.33000, 305.
20.34000, 275.
20.35000, 244.
20.36000, 226.
20.37000, 267.
20.38000, 213.
20.39000, 200.
20.40000, 216.
20.41000, 207.
20.42000, 201.
20.43000, 202.
20.44000, 224.
20.45000, 189.
20.46000, 182.
20.47000, 172.
20.48000, 158.
20.49000, 173.
20.50000, 165.
20.51000, 162.
20.52000, 185.
20.53000, 179.
20.54000, 173.
20.55000, 190.
20.56000, 184.
20.57000, 211.
20.58000, 192.
20.59000, 184.
20.60000, 200.
20.61000, 182.
20.62000, 203.
20.63000, 206.
20.64000, 215.
20.65000, 214.
20.66000, 181.
20.67000, 198.
20.68000, 213.
20.69000, 219.
20.70000, 221.
20.71000, 230.
20.72000, 201.
20.73000, 222.
20.74000, 207.
20.75000, 263.
20.76000, 224.
20.77000, 212.
20.78000, 253.
20.79000, 242.
20.80000, 229.
20.81000, 283.
20.82000, 218.
20.83000, 229.
20.84000, 257.
20.85000, 248.
20.86000, 235.
20.87000, 265.
20.88000, 261.
20.89000, 260.
20.90000, 284.
20.91000, 290.
20.92000, 288.
20.93000, 273.
20.94000, 285.
20.95000, 271.
20.96000, 308.
20.97000, 262.
20.98000, 290.
20.99000, 271.
21.00000, 299.
21.01000, 266.
21.02000, 247.
21.03000, 267.
21.04000, 271.
21.05000, 259.
21.06000, 271.
21.07000, 259.
21.08000, 265.
21.09000, 277.
21.10000, 294.
21.11000, 304.
21.12000, 268.
21.13000, 288.
21.14000, 270.
21.15000, 289.
21.16000, 300.
21.17000, 233.
21.18000, 248.
21.19000, 269.
21.20000, 291.
21.21000, 264.
21.22000, 236.
21.23000, 245.
21.24000, 250.
21.25000, 275.
21.26000, 253.
21.27000, 253.
21.28000, 235.
21.29000, 232.
21.30000, 271.
21.31000, 238.
21.32000, 217.
21.33000, 225.
21.34000, 259.
21.35000, 200.
21.36000, 228.
21.37000, 186.
21.38000, 218.
21.39000, 182.
21.40000, 202.
21.41000, 206.
21.42000, 194.
21.43000, 196.
21.44000, 190.
21.45000, 216.
21.46000, 171.
21.47000, 162.
21.48000, 185.
21.49000, 209.
21.50000, 172.
21.51000, 194.
21.52000, 179.
21.53000, 163.
21.54000, 175.
21.55000, 163.
21.56000, 171.
21.57000, 161.
21.58000, 172.
21.59000, 145.
21.60000, 140.
21.61000, 163.
21.62000, 158.
21.63000, 158.
21.64000, 150.
21.65000, 155.
21.66000, 161.
21.67000, 156.
21.68000, 163.
21.69000, 158.
21.70000, 144.
21.71000, 138.
21.72000, 137.
21.73000, 126.
21.74000, 143.
21.75000, 125.
21.76000, 126.
21.77000, 150.
21.78000, 133.
21.79000, 129.
21.80000, 116.
21.81000, 131.
21.82000, 130.
21.83000, 127.
21.84000, 120.
21.85000, 122.
21.86000, 136.
21.87000, 124.
21.88000, 119.
21.89000, 137.
21.90000, 123.
21.91000, 126.
21.92000, 113.
21.93000, 132.
21.94000, 125.
21.95000, 128.
21.96000, 107.
21.97000, 111.
21.98000, 111.
21.99000, 121.
22.00000, 106.
22.01000, 109.
22.02000, 112.
22.03000, 118.
22.04000, 124.
22.05000, 107.
22.06000, 116.
22.07000, 124.
22.08000, 118.
22.09000, 112.
22.10000, 120.
22.11000, 108.
22.12000, 102.
22.13000, 109.
22.14000, 91.
22.15000, 110.
22.16000, 102.
22.17000, 114.
22.18000, 118.
22.19000, 101.
22.20000, 87.
22.21000, 109.
22.22000, 103.
22.23000, 101.
22.24000, 114.
22.25000, 113.
22.26000, 93.
22.27000, 97.
22.28000, 106.
22.29000, 117.
22.30000, 96.
22.31000, 92.
22.32000, 85.
22.33000, 76.
22.34000, 124.
22.35000, 85.
22.36000, 99.
22.37000, 102.
22.38000, 77.
22.39000, 102.
22.40000, 103.
22.41000, 110.
22.42000, 82.
22.43000, 81.
22.44000, 112.
22.45000, 111.
22.46000, 86.
22.47000, 107.
22.48000, 106.
22.49000, 94.
22.50000, 113.
22.51000, 119.
22.52000, 136.
22.53000, 115.
22.54000, 126.
22.55000, 140.
22.56000, 135.
22.57000, 134.
22.58000, 132.
22.59000, 145.
22.60000, 154.
22.61000, 144.
22.62000, 175.
22.63000, 156.
22.64000, 153.
22.65000, 182.
22.66000, 167.
22.67000, 141.
22.68000, 187.
22.69000, 169.
22.70000, 168.
22.71000, 171.
22.72000, 157.
22.73000, 169.
22.74000, 131.
22.75000, 159.
22.76000, 138.
22.77000, 147.
22.78000, 135.
22.79000, 139.
22.80000, 126.
22.81000, 131.
22.82000, 117.
22.83000, 119.
22.84000, 113.
22.85000, 109.
22.86000, 118.
22.87000, 110.
22.88000, 89.
22.89000, 105.
22.90000, 102.
22.91000, 90.
22.92000, 78.
22.93000, 84.
22.94000, 69.
22.95000, 84.
22.96000, 93.
22.97000, 96.
22.98000, 101.
22.99000, 91.
23.00000, 97.
23.01000, 79.
23.02000, 79.
23.03000, 83.
23.04000, 81.
23.05000, 82.
23.06000, 88.
23.07000, 81.
23.08000, 93.
23.09000, 96.
23.10000, 91.
23.11000, 108.
23.12000, 77.
23.13000, 125.
23.14000, 106.
23.15000, 82.
23.16000, 98.
23.17000, 89.
23.18000, 85.
23.19000, 110.
23.20000, 86.
23.21000, 83.
23.22000, 86.
23.23000, 91.
23.24000, 98.
23.25000, 85.
23.26000, 102.
23.27000, 78.
23.28000, 92.
23.29000, 98.
23.30000, 89.
23.31000, 89.
23.32000, 86.
23.33000, 83.
23.34000, 64.
23.35000, 79.
23.36000, 86.
23.37000, 87.
23.38000, 65.
23.39000, 94.
23.40000, 75.
23.41000, 71.
23.42000, 85.
23.43000, 68.
23.44000, 80.
23.45000, 79.
23.46000, 72.
23.47000, 67.
23.48000, 74.
23.49000, 63.
23.50000, 88.
23.51000, 89.
23.52000, 80.
23.53000, 67.
23.54000, 88.
23.55000, 87.
23.56000, 81.
23.57000, 78.
23.58000, 87.
23.59000, 82.
23.60000, 77.
23.61000, 70.
23.62000, 90.
23.63000, 87.
23.64000, 77.
23.65000, 80.
23.66000, 87.
23.67000, 86.
23.68000, 84.
23.69000, 82.
23.70000, 65.
23.71000, 87.
23.72000, 75.
23.73000, 73.
23.74000, 85.
23.75000, 85.
23.76000, 76.
23.77000, 76.
23.78000, 80.
23.79000, 87.
23.80000, 75.
23.81000, 69.
23.82000, 80.
23.83000, 87.
23.84000, 71.
23.85000, 81.
23.86000, 82.
23.87000, 75.
23.88000, 78.
23.89000, 81.
23.90000, 65.
23.91000, 86.
23.92000, 68.
23.93000, 74.
23.94000, 84.
23.95000, 76.
23.96000, 71.
23.97000, 62.
23.98000, 72.
23.99000, 83.
24.00000, 74.
24.01000, 75.
24.02000, 73.
24.03000, 81.
24.04000, 67.
24.05000, 85.
24.06000, 70.
24.07000, 85.
24.08000, 64.
24.09000, 66.
24.10000, 74.
24.11000, 71.
24.12000, 84.
24.13000, 93.
24.14000, 70.
24.15000, 92.
24.16000, 85.
24.17000, 70.
24.18000, 77.
24.19000, 78.
24.20000, 91.
24.21000, 83.
24.22000, 59.
24.23000, 84.
24.24000, 70.
24.25000, 89.
24.26000, 75.
24.27000, 97.
24.28000, 72.
24.29000, 66.
24.30000, 89.
24.31000, 87.
24.32000, 86.
24.33000, 71.
24.34000, 69.
24.35000, 82.
24.36000, 86.
24.37000, 80.
24.38000, 78.
24.39000, 62.
24.40000, 67.
24.41000, 62.
24.42000, 82.
24.43000, 81.
24.44000, 60.
24.45000, 75.
24.46000, 65.
24.47000, 63.
24.48000, 82.
24.49000, 71.
24.50000, 63.
24.51000, 86.
24.52000, 80.
24.53000, 71.
24.54000, 66.
24.55000, 82.
24.56000, 87.
24.57000, 65.
24.58000, 79.
24.59000, 65.
24.60000, 81.
24.61000, 80.
24.62000, 60.
24.63000, 73.
24.64000, 60.
24.65000, 71.
24.66000, 68.
24.67000, 65.
24.68000, 63.
24.69000, 79.
24.70000, 70.
24.71000, 70.
24.72000, 73.
24.73000, 74.
24.74000, 62.
24.75000, 60.
24.76000, 68.
24.77000, 69.
24.78000, 69.
24.79000, 69.
24.80000, 66.
24.81000, 75.
24.82000, 69.
24.83000, 71.
24.84000, 79.
24.85000, 80.
24.86000, 76.
24.87000, 75.
24.88000, 73.
24.89000, 80.
24.90000, 78.
24.91000, 84.
24.92000, 79.
24.93000, 75.
24.94000, 85.
24.95000, 94.
24.96000, 79.
24.97000, 85.
24.98000, 83.
24.99000, 91.
25.00000, 77.
25.01000, 84.
25.02000, 89.
25.03000, 99.
25.04000, 81.
25.05000, 95.
25.06000, 88.
25.07000, 88.
25.08000, 85.
25.09000, 99.
25.10000, 100.
25.11000, 84.
25.12000, 95.
25.13000, 89.
25.14000, 93.
25.15000, 98.
25.16000, 96.
25.17000, 102.
25.18000, 75.
25.19000, 96.
25.20000, 95.
25.21000, 84.
25.22000, 89.
25.23000, 70.
25.24000, 90.
25.25000, 98.
25.26000, 81.
25.27000, 93.
25.28000, 90.
25.29000, 72.
25.30000, 99.
25.31000, 93.
25.32000, 91.
25.33000, 70.
25.34000, 64.
25.35000, 89.
25.36000, 74.
25.37000, 83.
25.38000, 63.
25.39000, 80.
25.40000, 83.
25.41000, 57.
25.42000, 69.
25.43000, 48.
25.44000, 70.
25.45000, 68.
25.46000, 81.
25.47000, 66.
25.48000, 78.
25.49000, 67.
25.50000, 69.
25.51000, 69.
25.52000, 66.
25.53000, 66.
25.54000, 70.
25.55000, 55.
25.56000, 62.
25.57000, 59.
25.58000, 69.
25.59000, 86.
25.60000, 71.
25.61000, 67.
25.62000, 59.
25.63000, 65.
25.64000, 74.
25.65000, 49.
25.66000, 60.
25.67000, 71.
25.68000, 65.
25.69000, 64.
25.70000, 64.
25.71000, 65.
25.72000, 66.
25.73000, 71.
25.74000, 68.
25.75000, 56.
25.76000, 82.
25.77000, 52.
25.78000, 74.
25.79000, 64.
25.80000, 69.
25.81000, 71.
25.82000, 53.
25.83000, 70.
25.84000, 67.
25.85000, 74.
25.86000, 67.
25.87000, 61.
25.88000, 64.
25.89000, 65.
25.90000, 68.
25.91000, 75.
25.92000, 58.
25.93000, 73.
25.94000, 72.
25.95000, 56.
25.96000, 67.
25.97000, 73.
25.98000, 68.
25.99000, 63.
26.00000, 55.
26.01000, 56.
26.02000, 66.
26.03000, 54.
26.04000, 80.
26.05000, 65.
26.06000, 69.
26.07000, 78.
26.08000, 79.
26.09000, 43.
26.10000, 70.
26.11000, 71.
26.12000, 70.
26.13000, 76.
26.14000, 71.
26.15000, 54.
26.16000, 56.
26.17000, 56.
26.18000, 62.
26.19000, 72.
26.20000, 68.
26.21000, 68.
26.22000, 63.
26.23000, 67.
26.24000, 55.
26.25000, 64.
26.26000, 49.
26.27000, 60.
26.28000, 61.
26.29000, 56.
26.30000, 57.
26.31000, 66.
26.32000, 77.
26.33000, 54.
26.34000, 63.
26.35000, 65.
26.36000, 63.
26.37000, 57.
26.38000, 65.
26.39000, 63.
26.40000, 57.
26.41000, 66.
26.42000, 72.
26.43000, 64.
26.44000, 80.
26.45000, 66.
26.46000, 51.
26.47000, 60.
26.48000, 81.
26.49000, 53.
26.50000, 56.
26.51000, 57.
26.52000, 64.
26.53000, 64.
26.54000, 73.
26.55000, 60.
26.56000, 56.
26.57000, 67.
26.58000, 67.
26.59000, 81.
26.60000, 56.
26.61000, 54.
26.62000, 67.
26.63000, 67.
26.64000, 43.
26.65000, 56.
26.66000, 55.
26.67000, 83.
26.68000, 50.
26.69000, 53.
26.70000, 71.
26.71000, 54.
26.72000, 57.
26.73000, 52.
26.74000, 76.
26.75000, 62.
26.76000, 70.
26.77000, 82.
26.78000, 73.
26.79000, 64.
26.80000, 58.
26.81000, 53.
26.82000, 52.
26.83000, 61.
26.84000, 47.
26.85000, 63.
26.86000, 48.
26.87000, 64.
26.88000, 58.
26.89000, 56.
26.90000, 65.
26.91000, 68.
26.92000, 57.
26.93000, 52.
26.94000, 63.
26.95000, 58.
26.96000, 59.
26.97000, 75.
26.98000, 50.
26.99000, 53.
27.00000, 56.
27.01000, 62.
27.02000, 54.
27.03000, 59.
27.04000, 51.
27.05000, 71.
27.06000, 58.
27.07000, 47.
27.08000, 55.
27.09000, 65.
27.10000, 66.
27.11000, 58.
27.12000, 44.
27.13000, 56.
27.14000, 56.
27.15000, 62.
27.16000, 66.
27.17000, 64.
27.18000, 55.
27.19000, 47.
27.20000, 68.
27.21000, 62.
27.22000, 54.
27.23000, 64.
27.24000, 47.
27.25000, 62.
27.26000, 55.
27.27000, 50.
27.28000, 50.
27.29000, 60.
27.30000, 55.
27.31000, 65.
27.32000, 46.
27.33000, 66.
27.34000, 58.
27.35000, 67.
27.36000, 54.
27.37000, 65.
27.38000, 57.
27.39000, 64.
27.40000, 53.
27.41000, 53.
27.42000, 63.
27.43000, 78.
27.44000, 60.
27.45000, 56.
27.46000, 69.
27.47000, 61.
27.48000, 41.
27.49000, 62.
27.50000, 73.
27.51000, 59.
27.52000, 67.
27.53000, 61.
27.54000, 60.
27.55000, 41.
27.56000, 46.
27.57000, 49.
27.58000, 62.
27.59000, 66.
27.60000, 55.
27.61000, 46.
27.62000, 65.
27.63000, 57.
27.64000, 66.
27.65000, 54.
27.66000, 64.
27.67000, 69.
27.68000, 59.
27.69000, 65.
27.70000, 49.
27.71000, 53.
27.72000, 45.
27.73000, 62.
27.74000, 49.
27.75000, 53.
27.76000, 52.
27.77000, 36.
27.78000, 73.
27.79000, 42.
27.80000, 54.
27.81000, 51.
27.82000, 53.
27.83000, 42.
27.84000, 64.
27.85000, 40.
27.86000, 53.
27.87000, 48.
27.88000, 54.
27.89000, 48.
27.90000, 61.
27.91000, 54.
27.92000, 44.
27.93000, 40.
27.94000, 49.
27.95000, 54.
27.96000, 36.
27.97000, 57.
27.98000, 62.
27.99000, 57.
28.00000, 59.
28.01000, 50.
28.02000, 53.
28.03000, 60.
28.04000, 30.
28.05000, 50.
28.06000, 58.
28.07000, 62.
28.08000, 58.
28.09000, 56.
28.10000, 41.
28.11000, 48.
28.12000, 47.
28.13000, 44.
28.14000, 50.
28.15000, 55.
28.16000, 48.
28.17000, 54.
28.18000, 48.
28.19000, 54.
28.20000, 52.
28.21000, 47.
28.22000, 63.
28.23000, 63.
28.24000, 55.
28.25000, 56.
28.26000, 39.
28.27000, 58.
28.28000, 56.
28.29000, 54.
28.30000, 52.
28.31000, 43.
28.32000, 62.
28.33000, 52.
28.34000, 56.
28.35000, 54.
28.36000, 58.
28.37000, 36.
28.38000, 57.
28.39000, 49.
28.40000, 52.
28.41000, 50.
28.42000, 62.
28.43000, 56.
28.44000, 55.
28.45000, 58.
28.46000, 55.
28.47000, 58.
28.48000, 47.
28.49000, 57.
28.50000, 54.
28.51000, 41.
28.52000, 49.
28.53000, 59.
28.54000, 52.
28.55000, 59.
28.56000, 57.
28.57000, 46.
28.58000, 53.
28.59000, 54.
28.60000, 54.
28.61000, 43.
28.62000, 37.
28.63000, 46.
28.64000, 51.
28.65000, 49.
28.66000, 54.
28.67000, 49.
28.68000, 35.
28.69000, 58.
28.70000, 47.
28.71000, 52.
28.72000, 64.
28.73000, 37.
28.74000, 39.
28.75000, 41.
28.76000, 44.
28.77000, 48.
28.78000, 53.
28.79000, 38.
28.80000, 54.
28.81000, 58.
28.82000, 51.
28.83000, 56.
28.84000, 50.
28.85000, 46.
28.86000, 49.
28.87000, 59.
28.88000, 55.
28.89000, 46.
28.90000, 54.
28.91000, 48.
28.92000, 44.
28.93000, 47.
28.94000, 50.
28.95000, 40.
28.96000, 45.
28.97000, 54.
28.98000, 45.
28.99000, 41.
29.00000, 51.
29.01000, 44.
29.02000, 32.
29.03000, 39.
29.04000, 44.
29.05000, 37.
29.06000, 53.
29.07000, 41.
29.08000, 46.
29.09000, 45.
29.10000, 53.
29.11000, 38.
29.12000, 31.
29.13000, 48.
29.14000, 39.
29.15000, 45.
29.16000, 46.
29.17000, 48.
29.18000, 34.
29.19000, 50.
29.20000, 46.
29.21000, 59.
29.22000, 47.
29.23000, 40.
29.24000, 41.
29.25000, 33.
29.26000, 52.
29.27000, 64.
29.28000, 46.
29.29000, 45.
29.30000, 42.
29.31000, 60.
29.32000, 51.
29.33000, 47.
29.34000, 50.
29.35000, 53.
29.36000, 36.
29.37000, 39.
29.38000, 43.
29.39000, 32.
29.40000, 41.
29.41000, 45.
29.42000, 54.
29.43000, 34.
29.44000, 45.
29.45000, 27.
29.46000, 42.
29.47000, 44.
29.48000, 52.
29.49000, 50.
29.50000, 43.
29.51000, 41.
29.52000, 52.
29.53000, 44.
29.54000, 47.
29.55000, 47.
29.56000, 36.
29.57000, 50.
29.58000, 41.
29.59000, 38.
29.60000, 38.
29.61000, 33.
29.62000, 55.
29.63000, 33.
29.64000, 40.
29.65000, 48.
29.66000, 55.
29.67000, 45.
29.68000, 52.
29.69000, 45.
29.70000, 41.
29.71000, 48.
29.72000, 47.
29.73000, 53.
29.74000, 42.
29.75000, 41.
29.76000, 53.
29.77000, 60.
29.78000, 39.
29.79000, 39.
29.80000, 41.
29.81000, 36.
29.82000, 40.
29.83000, 44.
29.84000, 46.
29.85000, 39.
29.86000, 33.
29.87000, 38.
29.88000, 55.
29.89000, 41.
29.90000, 34.
29.91000, 47.
29.92000, 45.
29.93000, 47.
29.94000, 54.
29.95000, 44.
29.96000, 35.
29.97000, 40.
29.98000, 38.
29.99000, 38.
30.00000, 40.
30.01000, 47.
30.02000, 45.
30.03000, 34.
30.04000, 40.
30.05000, 36.
30.06000, 31.
30.07000, 38.
30.08000, 43.
30.09000, 51.
30.10000, 31.
30.11000, 34.
30.12000, 42.
30.13000, 34.
30.14000, 40.
30.15000, 42.
30.16000, 38.
30.17000, 30.
30.18000, 45.
30.19000, 35.
30.20000, 43.
30.21000, 53.
30.22000, 44.
30.23000, 34.
30.24000, 38.
30.25000, 29.
30.26000, 40.
30.27000, 41.
30.28000, 35.
30.29000, 34.
30.30000, 34.
30.31000, 29.
30.32000, 45.
30.33000, 37.
30.34000, 38.
30.35000, 44.
30.36000, 36.
30.37000, 42.
30.38000, 34.
30.39000, 28.
30.40000, 40.
30.41000, 43.
30.42000, 38.
30.43000, 42.
30.44000, 36.
30.45000, 45.
30.46000, 47.
30.47000, 34.
30.48000, 41.
30.49000, 49.
30.50000, 38.
30.51000, 47.
30.52000, 38.
30.53000, 38.
30.54000, 48.
30.55000, 49.
30.56000, 40.
30.57000, 44.
30.58000, 39.
30.59000, 45.
30.60000, 38.
30.61000, 35.
30.62000, 43.
30.63000, 28.
30.64000, 46.
30.65000, 34.
30.66000, 44.
30.67000, 35.
30.68000, 36.
30.69000, 38.
30.70000, 48.
30.71000, 40.
30.72000, 42.
30.73000, 32.
30.74000, 49.
30.75000, 41.
30.76000, 36.
30.77000, 33.
30.78000, 35.
30.79000, 26.
30.80000, 35.
30.81000, 36.
30.82000, 40.
30.83000, 43.
30.84000, 37.
30.85000, 58.
30.86000, 30.
30.87000, 36.
30.88000, 37.
30.89000, 34.
30.90000, 42.
30.91000, 41.
30.92000, 36.
30.93000, 36.
30.94000, 36.
30.95000, 48.
30.96000, 35.
30.97000, 47.
30.98000, 29.
30.99000, 31.
31.00000, 37.
31.01000, 34.
31.02000, 40.
31.03000, 38.
31.04000, 35.
31.05000, 34.
31.06000, 37.
31.07000, 33.
31.08000, 36.
31.09000, 39.
31.10000, 27.
31.11000, 26.
31.12000, 21.
31.13000, 18.
31.14000, 42.
31.15000, 33.
31.16000, 43.
31.17000, 35.
31.18000, 30.
31.19000, 48.
31.20000, 29.
31.21000, 43.
31.22000, 36.
31.23000, 36.
31.24000, 37.
31.25000, 51.
31.26000, 32.
31.27000, 33.
31.28000, 37.
31.29000, 39.
31.30000, 34.
31.31000, 35.
31.32000, 34.
31.33000, 35.
31.34000, 34.
31.35000, 29.
31.36000, 41.
31.37000, 33.
31.38000, 31.
31.39000, 26.
31.40000, 36.
31.41000, 25.
31.42000, 26.
31.43000, 26.
31.44000, 28.
31.45000, 26.
31.46000, 37.
31.47000, 52.
31.48000, 42.
31.49000, 43.
31.50000, 35.
31.51000, 45.
31.52000, 47.
31.53000, 34.
31.54000, 28.
31.55000, 43.
31.56000, 48.
31.57000, 46.
31.58000, 50.
31.59000, 41.
31.60000, 42.
31.61000, 53.
31.62000, 43.
31.63000, 47.
31.64000, 40.
31.65000, 36.
31.66000, 38.
31.67000, 37.
31.68000, 44.
31.69000, 37.
31.70000, 54.
31.71000, 51.
31.72000, 45.
31.73000, 54.
31.74000, 48.
31.75000, 49.
31.76000, 61.
31.77000, 45.
31.78000, 51.
31.79000, 57.
31.80000, 51.
31.81000, 52.
31.82000, 41.
31.83000, 46.
31.84000, 51.
31.85000, 40.
31.86000, 51.
31.87000, 43.
31.88000, 55.
31.89000, 39.
31.90000, 49.
31.91000, 41.
31.92000, 45.
31.93000, 36.
31.94000, 41.
31.95000, 48.
31.96000, 39.
31.97000, 46.
31.98000, 43.
31.99000, 47.
32.00000, 33.
32.01000, 56.
32.02000, 47.
32.03000, 47.
32.04000, 35.
32.05000, 41.
32.06000, 50.
32.07000, 59.
32.08000, 45.
32.09000, 45.
32.10000, 41.
32.11000, 54.
32.12000, 42.
32.13000, 66.
32.14000, 54.
32.15000, 50.
32.16000, 51.
32.17000, 50.
32.18000, 54.
32.19000, 46.
32.20000, 61.
32.21000, 34.
32.22000, 48.
32.23000, 54.
32.24000, 46.
32.25000, 56.
32.26000, 49.
32.27000, 53.
32.28000, 46.
32.29000, 42.
32.30000, 29.
32.31000, 34.
32.32000, 28.
32.33000, 39.
32.34000, 42.
32.35000, 37.
32.36000, 33.
32.37000, 23.
32.38000, 32.
32.39000, 32.
32.40000, 32.
32.41000, 34.
32.42000, 32.
32.43000, 35.
32.44000, 28.
32.45000, 23.
32.46000, 32.
32.47000, 38.
32.48000, 37.
32.49000, 24.
32.50000, 26.
32.51000, 22.
32.52000, 29.
32.53000, 30.
32.54000, 34.
32.55000, 31.
32.56000, 34.
32.57000, 24.
32.58000, 35.
32.59000, 31.
32.60000, 44.
32.61000, 41.
32.62000, 24.
32.63000, 24.
32.64000, 38.
32.65000, 26.
32.66000, 30.
32.67000, 24.
32.68000, 34.
32.69000, 29.
32.70000, 25.
32.71000, 29.
32.72000, 30.
32.73000, 27.
32.74000, 28.
32.75000, 24.
32.76000, 25.
32.77000, 25.
32.78000, 29.
32.79000, 38.
32.80000, 19.
32.81000, 25.
32.82000, 23.
32.83000, 28.
32.84000, 38.
32.85000, 31.
32.86000, 32.
32.87000, 41.
32.88000, 36.
32.89000, 27.
32.90000, 28.
32.91000, 33.
32.92000, 29.
32.93000, 23.
32.94000, 29.
32.95000, 29.
32.96000, 19.
32.97000, 34.
32.98000, 38.
32.99000, 27.
33.00000, 37.
33.01000, 26.
33.02000, 23.
33.03000, 34.
33.04000, 34.
33.05000, 33.
33.06000, 28.
33.07000, 23.
33.08000, 23.
33.09000, 30.
33.10000, 22.
33.11000, 32.
33.12000, 23.
33.13000, 36.
33.14000, 28.
33.15000, 32.
33.16000, 19.
33.17000, 23.
33.18000, 26.
33.19000, 32.
33.20000, 22.
33.21000, 22.
33.22000, 33.
33.23000, 30.
33.24000, 27.
33.25000, 19.
33.26000, 21.
33.27000, 33.
33.28000, 26.
33.29000, 23.
33.30000, 33.
33.31000, 25.
33.32000, 19.
33.33000, 29.
33.34000, 26.
33.35000, 28.
33.36000, 26.
33.37000, 26.
33.38000, 22.
33.39000, 27.
33.40000, 28.
33.41000, 32.
33.42000, 21.
33.43000, 22.
33.44000, 18.
33.45000, 27.
33.46000, 24.
33.47000, 27.
33.48000, 17.
33.49000, 21.
33.50000, 22.
33.51000, 28.
33.52000, 23.
33.53000, 21.
33.54000, 26.
33.55000, 26.
33.56000, 29.
33.57000, 24.
33.58000, 35.
33.59000, 30.
33.60000, 34.
33.61000, 25.
33.62000, 32.
33.63000, 19.
33.64000, 25.
33.65000, 30.
33.66000, 17.
33.67000, 32.
33.68000, 22.
33.69000, 21.
33.70000, 19.
33.71000, 15.
33.72000, 29.
33.73000, 29.
33.74000, 25.
33.75000, 26.
33.76000, 18.
33.77000, 33.
33.78000, 16.
33.79000, 22.
33.80000, 23.
33.81000, 22.
33.82000, 24.
33.83000, 22.
33.84000, 19.
33.85000, 30.
33.86000, 30.
33.87000, 21.
33.88000, 25.
33.89000, 19.
33.90000, 17.
33.91000, 24.
33.92000, 25.
33.93000, 21.
33.94000, 10.
33.95000, 25.
33.96000, 26.
33.97000, 26.
33.98000, 18.
33.99000, 27.
34.00000, 24.
34.01000, 25.
34.02000, 17.
34.03000, 25.
34.04000, 36.
34.05000, 28.
34.06000, 23.
34.07000, 22.
34.08000, 23.
34.09000, 22.
34.10000, 12.
34.11000, 23.
34.12000, 20.
34.13000, 26.
34.14000, 20.
34.15000, 22.
34.16000, 16.
34.17000, 21.
34.18000, 25.
34.19000, 19.
34.20000, 28.
34.21000, 16.
34.22000, 27.
34.23000, 25.
34.24000, 25.
34.25000, 15.
34.26000, 27.
34.27000, 25.
34.28000, 34.
34.29000, 27.
34.30000, 22.
34.31000, 22.
34.32000, 22.
34.33000, 28.
34.34000, 20.
34.35000, 25.
34.36000, 19.
34.37000, 17.
34.38000, 25.
34.39000, 25.
34.40000, 19.
34.41000, 20.
34.42000, 22.
34.43000, 19.
34.44000, 24.
34.45000, 25.
34.46000, 28.
34.47000, 21.
34.48000, 25.
34.49000, 22.
34.50000, 16.
34.51000, 24.
34.52000, 24.
34.53000, 22.
34.54000, 20.
34.55000, 24.
34.56000, 19.
34.57000, 24.
34.58000, 18.
34.59000, 17.
34.60000, 29.
34.61000, 21.
34.62000, 21.
34.63000, 20.
34.64000, 27.
34.65000, 16.
34.66000, 21.
34.67000, 26.
34.68000, 16.
34.69000, 22.
34.70000, 15.
34.71000, 21.
34.72000, 19.
34.73000, 23.
34.74000, 30.
34.75000, 26.
34.76000, 19.
34.77000, 26.
34.78000, 18.
34.79000, 18.
34.80000, 18.
34.81000, 26.
34.82000, 10.
34.83000, 15.
34.84000, 18.
34.85000, 35.
34.86000, 11.
34.87000, 18.
34.88000, 18.
34.89000, 19.
34.90000, 19.
34.91000, 26.
34.92000, 19.
34.93000, 16.
34.94000, 12.
34.95000, 17.
34.96000, 14.
34.97000, 21.
34.98000, 14.
34.99000, 25.
35.00000, 23.
35.01000, 20.
35.02000, 19.
35.03000, 21.
35.04000, 18.
35.05000, 10.
35.06000, 19.
35.07000, 17.
35.08000, 16.
35.09000, 25.
35.10000, 17.
35.11000, 13.
35.12000, 23.
35.13000, 20.
35.14000, 12.
35.15000, 26.
35.16000, 19.
35.17000, 15.
35.18000, 11.
35.19000, 18.
35.20000, 20.
35.21000, 16.
35.22000, 25.
35.23000, 11.
35.24000, 22.
35.25000, 17.
35.26000, 15.
35.27000, 12.
35.28000, 19.
35.29000, 15.
35.30000, 15.
35.31000, 21.
35.32000, 25.
35.33000, 17.
35.34000, 20.
35.35000, 14.
35.36000, 13.
35.37000, 20.
35.38000, 16.
35.39000, 19.
35.40000, 13.
35.41000, 15.
35.42000, 28.
35.43000, 19.
35.44000, 17.
35.45000, 16.
35.46000, 17.
35.47000, 16.
35.48000, 12.
35.49000, 16.
35.50000, 18.
35.51000, 18.
35.52000, 21.
35.53000, 14.
35.54000, 31.
35.55000, 22.
35.56000, 28.
35.57000, 16.
35.58000, 12.
35.59000, 17.
35.60000, 18.
35.61000, 17.
35.62000, 20.
35.63000, 18.
35.64000, 11.
35.65000, 16.
35.66000, 21.
35.67000, 13.
35.68000, 11.
35.69000, 16.
35.70000, 16.
35.71000, 17.
35.72000, 15.
35.73000, 25.
35.74000, 15.
35.75000, 13.
35.76000, 17.
35.77000, 18.
35.78000, 14.
35.79000, 26.
35.80000, 18.
35.81000, 16.
35.82000, 19.
35.83000, 21.
35.84000, 20.
35.85000, 18.
35.86000, 20.
35.87000, 16.
35.88000, 16.
35.89000, 19.
35.90000, 13.
35.91000, 15.
35.92000, 25.
35.93000, 22.
35.94000, 21.
35.95000, 22.
35.96000, 11.
35.97000, 19.
35.98000, 23.
35.99000, 17.
36.00000, 14.
36.01000, 20.
36.02000, 24.
36.03000, 17.
36.04000, 21.
36.05000, 10.
36.06000, 19.
36.07000, 19.
36.08000, 26.
36.09000, 13.
36.10000, 18.
36.11000, 13.
36.12000, 14.
36.13000, 19.
36.14000, 22.
36.15000, 15.
36.16000, 15.
36.17000, 12.
36.18000, 21.
36.19000, 17.
36.20000, 20.
36.21000, 23.
36.22000, 21.
36.23000, 17.
36.24000, 24.
36.25000, 13.
36.26000, 21.
36.27000, 26.
36.28000, 23.
36.29000, 20.
36.30000, 23.
36.31000, 18.
36.32000, 23.
36.33000, 11.
36.34000, 11.
36.35000, 15.
36.36000, 19.
36.37000, 16.
36.38000, 17.
36.39000, 13.
36.40000, 25.
36.41000, 14.
36.42000, 13.
36.43000, 19.
36.44000, 14.
36.45000, 22.
36.46000, 15.
36.47000, 16.
36.48000, 9.
36.49000, 24.
36.50000, 19.
36.51000, 13.
36.52000, 12.
36.53000, 11.
36.54000, 18.
36.55000, 16.
36.56000, 16.
36.57000, 12.
36.58000, 11.
36.59000, 16.
36.60000, 13.
36.61000, 10.
36.62000, 16.
36.63000, 19.
36.64000, 14.
36.65000, 13.
36.66000, 15.
36.67000, 8.
36.68000, 12.
36.69000, 11.
36.70000, 18.
36.71000, 15.
36.72000, 8.
36.73000, 17.
36.74000, 14.
36.75000, 17.
36.76000, 16.
36.77000, 15.
36.78000, 17.
36.79000, 7.
36.80000, 14.
36.81000, 12.
36.82000, 16.
36.83000, 14.
36.84000, 14.
36.85000, 21.
36.86000, 22.
36.87000, 12.
36.88000, 15.
36.89000, 11.
36.90000, 13.
36.91000, 7.
36.92000, 13.
36.93000, 14.
36.94000, 10.
36.95000, 18.
36.96000, 20.
36.97000, 15.
36.98000, 10.
36.99000, 13.
37.00000, 16.
37.01000, 11.
37.02000, 11.
37.03000, 15.
37.04000, 10.
37.05000, 11.
37.06000, 10.
37.07000, 16.
37.08000, 12.
37.09000, 8.
37.10000, 10.
37.11000, 13.
37.12000, 14.
37.13000, 14.
37.14000, 17.
37.15000, 11.
37.16000, 16.
37.17000, 15.
37.18000, 20.
37.19000, 21.
37.20000, 12.
37.21000, 10.
37.22000, 15.
37.23000, 12.
37.24000, 11.
37.25000, 13.
37.26000, 11.
37.27000, 19.
37.28000, 15.
37.29000, 13.
37.30000, 4.
37.31000, 13.
37.32000, 14.
37.33000, 13.
37.34000, 17.
37.35000, 13.
37.36000, 12.
37.37000, 14.
37.38000, 13.
37.39000, 15.
37.40000, 10.
37.41000, 13.
37.42000, 11.
37.43000, 13.
37.44000, 13.
37.45000, 13.
37.46000, 13.
37.47000, 10.
37.48000, 13.
37.49000, 12.
37.50000, 13.
37.51000, 14.
37.52000, 16.
37.53000, 12.
37.54000, 14.
37.55000, 16.
37.56000, 14.
37.57000, 9.
37.58000, 8.
37.59000, 8.
37.60000, 5.
37.61000, 12.
37.62000, 15.
37.63000, 11.
37.64000, 10.
37.65000, 12.
37.66000, 17.
37.67000, 7.
37.68000, 10.
37.69000, 11.
37.70000, 17.
37.71000, 6.
37.72000, 13.
37.73000, 11.
37.74000, 11.
37.75000, 13.
37.76000, 13.
37.77000, 7.
37.78000, 9.
37.79000, 11.
37.80000, 6.
37.81000, 12.
37.82000, 12.
37.83000, 12.
37.84000, 14.
37.85000, 8.
37.86000, 12.
37.87000, 9.
37.88000, 13.
37.89000, 9.
37.90000, 3.
37.91000, 12.
37.92000, 7.
37.93000, 20.
37.94000, 7.
37.95000, 9.
37.96000, 14.
37.97000, 9.
37.98000, 17.
37.99000, 14.
38.00000, 6.
38.01000, 13.
38.02000, 15.
38.03000, 10.
38.04000, 5.
38.05000, 8.
38.06000, 13.
38.07000, 15.
38.08000, 7.
38.09000, 9.
38.10000, 10.
38.11000, 8.
38.12000, 12.
38.13000, 17.
38.14000, 11.
38.15000, 10.
38.16000, 9.
38.17000, 14.
38.18000, 13.
38.19000, 9.
38.20000, 5.
38.21000, 8.
38.22000, 12.
38.23000, 9.
38.24000, 7.
38.25000, 13.
38.26000, 9.
38.27000, 9.
38.28000, 12.
38.29000, 5.
38.30000, 12.
38.31000, 5.
38.32000, 13.
38.33000, 7.
38.34000, 16.
38.35000, 6.
38.36000, 10.
38.37000, 8.
38.38000, 9.
38.39000, 7.
38.40000, 10.
38.41000, 11.
38.42000, 11.
38.43000, 7.
38.44000, 8.
38.45000, 8.
38.46000, 9.
38.47000, 4.
38.48000, 4.
38.49000, 4.
38.50000, 10.
38.51000, 5.
38.52000, 10.
38.53000, 14.
38.54000, 12.
38.55000, 6.
38.56000, 9.
38.57000, 7.
38.58000, 7.
38.59000, 11.
38.60000, 11.
38.61000, 12.
38.62000, 14.
38.63000, 11.
38.64000, 6.
38.65000, 9.
38.66000, 8.
38.67000, 7.
38.68000, 11.
38.69000, 12.
38.70000, 9.
38.71000, 6.
38.72000, 8.
38.73000, 5.
38.74000, 11.
38.75000, 12.
38.76000, 9.
38.77000, 16.
38.78000, 10.
38.79000, 10.
38.80000, 9.
38.81000, 8.
38.82000, 9.
38.83000, 7.
38.84000, 8.
38.85000, 8.
38.86000, 11.
38.87000, 7.
38.88000, 13.
38.89000, 7.
38.90000, 8.
38.91000, 10.
38.92000, 8.
38.93000, 5.
38.94000, 11.
38.95000, 8.
38.96000, 10.
38.97000, 2.
38.98000, 8.
38.99000, 8.
39.00000, 7.
39.01000, 8.
39.02000, 9.
39.03000, 9.
39.04000, 6.
39.05000, 6.
39.06000, 5.
39.07000, 10.
39.08000, 14.
39.09000, 9.
39.10000, 9.
39.11000, 7.
39.12000, 9.
39.13000, 5.
39.14000, 9.
39.15000, 10.
39.16000, 8.
39.17000, 10.
39.18000, 8.
39.19000, 4.
39.20000, 3.
39.21000, 6.
39.22000, 6.
39.23000, 5.
39.24000, 4.
39.25000, 5.
39.26000, 11.
39.27000, 9.
39.28000, 11.
39.29000, 10.
39.30000, 5.
39.31000, 7.
39.32000, 7.
39.33000, 7.
39.34000, 6.
39.35000, 8.
39.36000, 8.
39.37000, 8.
39.38000, 7.
39.39000, 8.
39.40000, 11.
39.41000, 8.
39.42000, 6.
39.43000, 9.
39.44000, 3.
39.45000, 6.
39.46000, 10.
39.47000, 11.
39.48000, 9.
39.49000, 11.
39.50000, 7.
39.51000, 10.
39.52000, 3.
39.53000, 7.
39.54000, 4.
39.55000, 5.
39.56000, 9.
39.57000, 4.
39.58000, 7.
39.59000, 2.
39.60000, 9.
39.61000, 10.
39.62000, 10.
39.63000, 6.
39.64000, 8.
39.65000, 4.
39.66000, 9.
39.67000, 12.
39.68000, 11.
39.69000, 10.
39.70000, 6.
39.71000, 3.
39.72000, 5.
39.73000, 7.
39.74000, 8.
39.75000, 8.
39.76000, 6.
39.77000, 3.
39.78000, 7.
39.79000, 5.
39.80000, 7.
39.81000, 7.
39.82000, 11.
39.83000, 5.
39.84000, 5.
39.85000, 7.
39.86000, 7.
39.87000, 5.
39.88000, 5.
39.89000, 8.
39.90000, 2.
39.91000, 5.
39.92000, 12.
39.93000, 10.
39.94000, 12.
39.95000, 4.
39.96000, 4.
39.97000, 3.
39.98000, 2.
39.99000, 6.
40.00000, 9.
40.01000, 3.
40.02000, 6.
40.03000, 8.
40.04000, 4.
40.05000, 7.
40.06000, 3.
40.07000, 6.
40.08000, 5.
40.09000, 11.
40.10000, 7.
40.11000, 6.
40.12000, 4.
40.13000, 7.
40.14000, 8.
40.15000, 9.
40.16000, 1.
40.17000, 4.
40.18000, 2.
40.19000, 4.
40.20000, 3.
40.21000, 5.
40.22000, 9.
40.23000, 7.
40.24000, 5.
40.25000, 6.
40.26000, 3.
40.27000, 9.
40.28000, 6.
40.29000, 5.
40.30000, 3.
40.31000, 3.
40.32000, 5.
40.33000, 5.
40.34000, 6.
40.35000, 2.
40.36000, 6.
40.37000, 6.
40.38000, 2.
40.39000, 3.
40.40000, 6.
40.41000, 6.
40.42000, 11.
40.43000, 8.
40.44000, 6.
40.45000, 4.
40.46000, 6.
40.47000, 4.
40.48000, 10.
40.49000, 6.
40.50000, 10.
40.51000, 3.
40.52000, 5.
40.53000, 6.
40.54000, 4.
40.55000, 0.
#ENDOFDATA   : 
