#FORMAT      : EMSA/MAS Spectral Data File
#VERSION     : 1.0
#TITLE       : LC2030623EE-2
#DATE        : 26-APR-2023
#TIME        : 13:58
#OWNER       : XGT7200
#NPOINTS     : 4096.
#NCOLUMNS    : 1.
#XUNITS      : keV
#YUNITS      : counts
#DATATYPE    : XY
#XPERCHAN    : 0.0100000
#OFFSET      : -0.400000
#SIGNALTYPE  : EDS
#CHOFFSET    : 40.0000
#LIVETIME    : 30.000000
#REALTIME    : 39.521484
#BEAMKV      : 50.0000
#PROBECUR    : 596000.
#MAGCAM      : 100.000
#XTILTSTGE   : 0.0
#AZIMANGLE   : 0.0
#ELEVANGLE   : 45.0
#XPOSITION mm: 0.0000
#YPOSITION mm: 0.0000
#ZPOSITION mm: 0.0000
##OXINSTPT   : 4
##OXINSTSTROB: 71.90
#SPECTRUM    : Spectral Data Starts Here
-0.40000, 0.
-0.39000, 0.
-0.38000, 0.
-0.37000, 0.
-0.36000, 0.
-0.35000, 0.
-0.34000, 0.
-0.33000, 0.
-0.32000, 0.
-0.31000, 0.
-0.30000, 0.
-0.29000, 0.
-0.28000, 0.
-0.27000, 0.
-0.26000, 0.
-0.25000, 0.
-0.24000, 0.
-0.23000, 0.
-0.22000, 0.
-0.21000, 0.
-0.20000, 0.
-0.19000, 0.
-0.18000, 0.
-0.17000, 0.
-0.16000, 0.
-0.15000, 0.
-0.14000, 0.
-0.13000, 0.
-0.12000, 0.
-0.11000, 0.
-0.10000, 0.
-0.09000, 0.
-0.08000, 0.
-0.07000, 0.
-0.06000, 0.
-0.05000, 0.
-0.04000, 0.
-0.03000, 0.
-0.02000, 0.
-0.01000, 0.
0.00000, 0.
0.01000, 0.
0.02000, 0.
0.03000, 0.
0.04000, 0.
0.05000, 0.
0.06000, 0.
0.07000, 0.
0.08000, 0.
0.09000, 0.
0.10000, 0.
0.11000, 0.
0.12000, 0.
0.13000, 0.
0.14000, 0.
0.15000, 0.
0.16000, 0.
0.17000, 0.
0.18000, 0.
0.19000, 0.
0.20000, 0.
0.21000, 0.
0.22000, 0.
0.23000, 0.
0.24000, 0.
0.25000, 0.
0.26000, 0.
0.27000, 0.
0.28000, 0.
0.29000, 0.
0.30000, 0.
0.31000, 0.
0.32000, 0.
0.33000, 0.
0.34000, 1.
0.35000, 2.
0.36000, 4.
0.37000, 8.
0.38000, 14.
0.39000, 18.
0.40000, 21.
0.41000, 29.
0.42000, 30.
0.43000, 44.
0.44000, 40.
0.45000, 56.
0.46000, 48.
0.47000, 41.
0.48000, 53.
0.49000, 49.
0.50000, 59.
0.51000, 50.
0.52000, 56.
0.53000, 46.
0.54000, 50.
0.55000, 46.
0.56000, 58.
0.57000, 44.
0.58000, 40.
0.59000, 45.
0.60000, 35.
0.61000, 51.
0.62000, 47.
0.63000, 36.
0.64000, 36.
0.65000, 45.
0.66000, 48.
0.67000, 44.
0.68000, 32.
0.69000, 38.
0.70000, 37.
0.71000, 36.
0.72000, 33.
0.73000, 46.
0.74000, 49.
0.75000, 51.
0.76000, 50.
0.77000, 39.
0.78000, 43.
0.79000, 30.
0.80000, 40.
0.81000, 40.
0.82000, 49.
0.83000, 48.
0.84000, 44.
0.85000, 41.
0.86000, 41.
0.87000, 53.
0.88000, 45.
0.89000, 38.
0.90000, 36.
0.91000, 47.
0.92000, 41.
0.93000, 34.
0.94000, 45.
0.95000, 48.
0.96000, 57.
0.97000, 50.
0.98000, 43.
0.99000, 59.
1.00000, 49.
1.01000, 62.
1.02000, 69.
1.03000, 59.
1.04000, 52.
1.05000, 54.
1.06000, 46.
1.07000, 64.
1.08000, 49.
1.09000, 52.
1.10000, 43.
1.11000, 59.
1.12000, 43.
1.13000, 50.
1.14000, 31.
1.15000, 35.
1.16000, 45.
1.17000, 46.
1.18000, 47.
1.19000, 40.
1.20000, 54.
1.21000, 44.
1.22000, 47.
1.23000, 61.
1.24000, 59.
1.25000, 61.
1.26000, 89.
1.27000, 54.
1.28000, 54.
1.29000, 44.
1.30000, 52.
1.31000, 41.
1.32000, 43.
1.33000, 53.
1.34000, 41.
1.35000, 33.
1.36000, 47.
1.37000, 51.
1.38000, 57.
1.39000, 73.
1.40000, 94.
1.41000, 139.
1.42000, 211.
1.43000, 297.
1.44000, 402.
1.45000, 535.
1.46000, 658.
1.47000, 709.
1.48000, 839.
1.49000, 870.
1.50000, 846.
1.51000, 830.
1.52000, 694.
1.53000, 582.
1.54000, 474.
1.55000, 368.
1.56000, 314.
1.57000, 221.
1.58000, 179.
1.59000, 168.
1.60000, 121.
1.61000, 136.
1.62000, 155.
1.63000, 203.
1.64000, 353.
1.65000, 581.
1.66000, 965.
1.67000, 1427.
1.68000, 2125.
1.69000, 3004.
1.70000, 4071.
1.71000, 5063.
1.72000, 6062.
1.73000, 6860.
1.74000, 7321.
1.75000, 7473.
1.76000, 7045.
1.77000, 6254.
1.78000, 5416.
1.79000, 4408.
1.80000, 3386.
1.81000, 2511.
1.82000, 1834.
1.83000, 1347.
1.84000, 968.
1.85000, 682.
1.86000, 512.
1.87000, 387.
1.88000, 274.
1.89000, 216.
1.90000, 167.
1.91000, 128.
1.92000, 98.
1.93000, 110.
1.94000, 87.
1.95000, 113.
1.96000, 116.
1.97000, 111.
1.98000, 114.
1.99000, 123.
2.00000, 134.
2.01000, 136.
2.02000, 127.
2.03000, 120.
2.04000, 115.
2.05000, 106.
2.06000, 90.
2.07000, 86.
2.08000, 87.
2.09000, 70.
2.10000, 66.
2.11000, 60.
2.12000, 45.
2.13000, 51.
2.14000, 30.
2.15000, 31.
2.16000, 42.
2.17000, 35.
2.18000, 34.
2.19000, 31.
2.20000, 26.
2.21000, 47.
2.22000, 41.
2.23000, 40.
2.24000, 39.
2.25000, 60.
2.26000, 63.
2.27000, 60.
2.28000, 76.
2.29000, 104.
2.30000, 109.
2.31000, 106.
2.32000, 117.
2.33000, 97.
2.34000, 119.
2.35000, 83.
2.36000, 93.
2.37000, 85.
2.38000, 74.
2.39000, 52.
2.40000, 57.
2.41000, 67.
2.42000, 43.
2.43000, 47.
2.44000, 38.
2.45000, 48.
2.46000, 51.
2.47000, 48.
2.48000, 42.
2.49000, 45.
2.50000, 42.
2.51000, 36.
2.52000, 41.
2.53000, 36.
2.54000, 47.
2.55000, 52.
2.56000, 52.
2.57000, 65.
2.58000, 63.
2.59000, 88.
2.60000, 97.
2.61000, 127.
2.62000, 166.
2.63000, 224.
2.64000, 220.
2.65000, 325.
2.66000, 328.
2.67000, 415.
2.68000, 457.
2.69000, 494.
2.70000, 481.
2.71000, 501.
2.72000, 466.
2.73000, 437.
2.74000, 383.
2.75000, 378.
2.76000, 299.
2.77000, 273.
2.78000, 278.
2.79000, 246.
2.80000, 216.
2.81000, 252.
2.82000, 241.
2.83000, 250.
2.84000, 282.
2.85000, 262.
2.86000, 243.
2.87000, 213.
2.88000, 213.
2.89000, 188.
2.90000, 153.
2.91000, 143.
2.92000, 135.
2.93000, 119.
2.94000, 112.
2.95000, 101.
2.96000, 79.
2.97000, 89.
2.98000, 97.
2.99000, 63.
3.00000, 71.
3.01000, 56.
3.02000, 52.
3.03000, 50.
3.04000, 49.
3.05000, 41.
3.06000, 42.
3.07000, 39.
3.08000, 36.
3.09000, 23.
3.10000, 36.
3.11000, 26.
3.12000, 40.
3.13000, 45.
3.14000, 43.
3.15000, 56.
3.16000, 45.
3.17000, 57.
3.18000, 60.
3.19000, 75.
3.20000, 104.
3.21000, 145.
3.22000, 195.
3.23000, 255.
3.24000, 351.
3.25000, 443.
3.26000, 593.
3.27000, 723.
3.28000, 907.
3.29000, 972.
3.30000, 1073.
3.31000, 1076.
3.32000, 1150.
3.33000, 1121.
3.34000, 1082.
3.35000, 931.
3.36000, 815.
3.37000, 725.
3.38000, 493.
3.39000, 463.
3.40000, 337.
3.41000, 231.
3.42000, 161.
3.43000, 138.
3.44000, 110.
3.45000, 66.
3.46000, 68.
3.47000, 79.
3.48000, 66.
3.49000, 73.
3.50000, 70.
3.51000, 72.
3.52000, 94.
3.53000, 122.
3.54000, 156.
3.55000, 191.
3.56000, 199.
3.57000, 233.
3.58000, 272.
3.59000, 333.
3.60000, 387.
3.61000, 493.
3.62000, 560.
3.63000, 741.
3.64000, 866.
3.65000, 993.
3.66000, 1176.
3.67000, 1235.
3.68000, 1288.
3.69000, 1317.
3.70000, 1396.
3.71000, 1270.
3.72000, 1228.
3.73000, 1138.
3.74000, 949.
3.75000, 735.
3.76000, 606.
3.77000, 521.
3.78000, 360.
3.79000, 274.
3.80000, 186.
3.81000, 128.
3.82000, 99.
3.83000, 59.
3.84000, 45.
3.85000, 38.
3.86000, 43.
3.87000, 38.
3.88000, 39.
3.89000, 45.
3.90000, 47.
3.91000, 78.
3.92000, 64.
3.93000, 85.
3.94000, 86.
3.95000, 102.
3.96000, 144.
3.97000, 162.
3.98000, 173.
3.99000, 188.
4.00000, 211.
4.01000, 216.
4.02000, 215.
4.03000, 229.
4.04000, 238.
4.05000, 180.
4.06000, 149.
4.07000, 141.
4.08000, 143.
4.09000, 115.
4.10000, 86.
4.11000, 64.
4.12000, 59.
4.13000, 43.
4.14000, 32.
4.15000, 21.
4.16000, 19.
4.17000, 31.
4.18000, 29.
4.19000, 28.
4.20000, 28.
4.21000, 18.
4.22000, 22.
4.23000, 26.
4.24000, 22.
4.25000, 24.
4.26000, 19.
4.27000, 36.
4.28000, 32.
4.29000, 23.
4.30000, 22.
4.31000, 36.
4.32000, 30.
4.33000, 33.
4.34000, 40.
4.35000, 45.
4.36000, 53.
4.37000, 66.
4.38000, 93.
4.39000, 92.
4.40000, 115.
4.41000, 146.
4.42000, 170.
4.43000, 220.
4.44000, 292.
4.45000, 366.
4.46000, 344.
4.47000, 446.
4.48000, 501.
4.49000, 538.
4.50000, 565.
4.51000, 577.
4.52000, 595.
4.53000, 507.
4.54000, 552.
4.55000, 417.
4.56000, 394.
4.57000, 360.
4.58000, 285.
4.59000, 257.
4.60000, 191.
4.61000, 158.
4.62000, 128.
4.63000, 104.
4.64000, 110.
4.65000, 103.
4.66000, 75.
4.67000, 76.
4.68000, 90.
4.69000, 77.
4.70000, 78.
4.71000, 60.
4.72000, 64.
4.73000, 56.
4.74000, 64.
4.75000, 84.
4.76000, 83.
4.77000, 60.
4.78000, 85.
4.79000, 80.
4.80000, 101.
4.81000, 101.
4.82000, 114.
4.83000, 124.
4.84000, 130.
4.85000, 141.
4.86000, 147.
4.87000, 137.
4.88000, 144.
4.89000, 150.
4.90000, 154.
4.91000, 153.
4.92000, 192.
4.93000, 144.
4.94000, 151.
4.95000, 152.
4.96000, 140.
4.97000, 136.
4.98000, 123.
4.99000, 101.
5.00000, 99.
5.01000, 88.
5.02000, 73.
5.03000, 59.
5.04000, 74.
5.05000, 65.
5.06000, 51.
5.07000, 46.
5.08000, 43.
5.09000, 57.
5.10000, 59.
5.11000, 53.
5.12000, 58.
5.13000, 61.
5.14000, 77.
5.15000, 60.
5.16000, 61.
5.17000, 63.
5.18000, 70.
5.19000, 60.
5.20000, 61.
5.21000, 62.
5.22000, 65.
5.23000, 64.
5.24000, 55.
5.25000, 63.
5.26000, 50.
5.27000, 64.
5.28000, 53.
5.29000, 73.
5.30000, 65.
5.31000, 69.
5.32000, 57.
5.33000, 74.
5.34000, 61.
5.35000, 70.
5.36000, 66.
5.37000, 87.
5.38000, 75.
5.39000, 79.
5.40000, 77.
5.41000, 88.
5.42000, 86.
5.43000, 67.
5.44000, 76.
5.45000, 71.
5.46000, 66.
5.47000, 58.
5.48000, 83.
5.49000, 85.
5.50000, 84.
5.51000, 76.
5.52000, 71.
5.53000, 63.
5.54000, 72.
5.55000, 67.
5.56000, 57.
5.57000, 56.
5.58000, 66.
5.59000, 66.
5.60000, 43.
5.61000, 65.
5.62000, 77.
5.63000, 59.
5.64000, 56.
5.65000, 48.
5.66000, 50.
5.67000, 57.
5.68000, 75.
5.69000, 58.
5.70000, 67.
5.71000, 58.
5.72000, 57.
5.73000, 67.
5.74000, 69.
5.75000, 67.
5.76000, 70.
5.77000, 72.
5.78000, 112.
5.79000, 117.
5.80000, 122.
5.81000, 131.
5.82000, 141.
5.83000, 166.
5.84000, 195.
5.85000, 223.
5.86000, 242.
5.87000, 283.
5.88000, 265.
5.89000, 256.
5.90000, 298.
5.91000, 262.
5.92000, 261.
5.93000, 235.
5.94000, 227.
5.95000, 196.
5.96000, 185.
5.97000, 166.
5.98000, 147.
5.99000, 126.
6.00000, 119.
6.01000, 78.
6.02000, 80.
6.03000, 81.
6.04000, 95.
6.05000, 62.
6.06000, 72.
6.07000, 77.
6.08000, 83.
6.09000, 51.
6.10000, 77.
6.11000, 66.
6.12000, 75.
6.13000, 89.
6.14000, 82.
6.15000, 83.
6.16000, 76.
6.17000, 93.
6.18000, 125.
6.19000, 135.
6.20000, 146.
6.21000, 189.
6.22000, 249.
6.23000, 338.
6.24000, 473.
6.25000, 617.
6.26000, 864.
6.27000, 1181.
6.28000, 1627.
6.29000, 2202.
6.30000, 2841.
6.31000, 3688.
6.32000, 4420.
6.33000, 5428.
6.34000, 6437.
6.35000, 7561.
6.36000, 8565.
6.37000, 9184.
6.38000, 9860.
6.39000, 10430.
6.40000, 10439.
6.41000, 10450.
6.42000, 9974.
6.43000, 9301.
6.44000, 8654.
6.45000, 7602.
6.46000, 6634.
6.47000, 5629.
6.48000, 4740.
6.49000, 3691.
6.50000, 2923.
6.51000, 2268.
6.52000, 1722.
6.53000, 1315.
6.54000, 889.
6.55000, 665.
6.56000, 490.
6.57000, 351.
6.58000, 244.
6.59000, 201.
6.60000, 155.
6.61000, 111.
6.62000, 128.
6.63000, 91.
6.64000, 98.
6.65000, 81.
6.66000, 86.
6.67000, 76.
6.68000, 106.
6.69000, 94.
6.70000, 93.
6.71000, 97.
6.72000, 97.
6.73000, 83.
6.74000, 103.
6.75000, 90.
6.76000, 110.
6.77000, 100.
6.78000, 99.
6.79000, 100.
6.80000, 97.
6.81000, 104.
6.82000, 107.
6.83000, 119.
6.84000, 116.
6.85000, 123.
6.86000, 129.
6.87000, 132.
6.88000, 156.
6.89000, 182.
6.90000, 200.
6.91000, 245.
6.92000, 327.
6.93000, 348.
6.94000, 457.
6.95000, 540.
6.96000, 647.
6.97000, 747.
6.98000, 945.
6.99000, 975.
7.00000, 1218.
7.01000, 1439.
7.02000, 1524.
7.03000, 1637.
7.04000, 1595.
7.05000, 1769.
7.06000, 1670.
7.07000, 1684.
7.08000, 1624.
7.09000, 1472.
7.10000, 1341.
7.11000, 1269.
7.12000, 1042.
7.13000, 900.
7.14000, 805.
7.15000, 619.
7.16000, 506.
7.17000, 378.
7.18000, 334.
7.19000, 260.
7.20000, 203.
7.21000, 148.
7.22000, 143.
7.23000, 121.
7.24000, 101.
7.25000, 95.
7.26000, 75.
7.27000, 82.
7.28000, 74.
7.29000, 69.
7.30000, 91.
7.31000, 83.
7.32000, 69.
7.33000, 85.
7.34000, 85.
7.35000, 99.
7.36000, 87.
7.37000, 80.
7.38000, 68.
7.39000, 81.
7.40000, 79.
7.41000, 93.
7.42000, 79.
7.43000, 95.
7.44000, 83.
7.45000, 106.
7.46000, 97.
7.47000, 87.
7.48000, 96.
7.49000, 89.
7.50000, 82.
7.51000, 78.
7.52000, 86.
7.53000, 89.
7.54000, 99.
7.55000, 73.
7.56000, 90.
7.57000, 89.
7.58000, 83.
7.59000, 67.
7.60000, 81.
7.61000, 87.
7.62000, 82.
7.63000, 90.
7.64000, 77.
7.65000, 68.
7.66000, 86.
7.67000, 74.
7.68000, 78.
7.69000, 83.
7.70000, 70.
7.71000, 78.
7.72000, 81.
7.73000, 76.
7.74000, 82.
7.75000, 74.
7.76000, 82.
7.77000, 66.
7.78000, 76.
7.79000, 84.
7.80000, 92.
7.81000, 84.
7.82000, 86.
7.83000, 91.
7.84000, 91.
7.85000, 98.
7.86000, 96.
7.87000, 101.
7.88000, 102.
7.89000, 101.
7.90000, 132.
7.91000, 108.
7.92000, 106.
7.93000, 117.
7.94000, 112.
7.95000, 133.
7.96000, 146.
7.97000, 138.
7.98000, 128.
7.99000, 149.
8.00000, 168.
8.01000, 162.
8.02000, 179.
8.03000, 157.
8.04000, 187.
8.05000, 156.
8.06000, 187.
8.07000, 155.
8.08000, 187.
8.09000, 180.
8.10000, 152.
8.11000, 164.
8.12000, 166.
8.13000, 143.
8.14000, 151.
8.15000, 140.
8.16000, 139.
8.17000, 118.
8.18000, 151.
8.19000, 140.
8.20000, 134.
8.21000, 138.
8.22000, 136.
8.23000, 129.
8.24000, 108.
8.25000, 110.
8.26000, 109.
8.27000, 127.
8.28000, 105.
8.29000, 112.
8.30000, 109.
8.31000, 120.
8.32000, 132.
8.33000, 97.
8.34000, 105.
8.35000, 98.
8.36000, 102.
8.37000, 115.
8.38000, 122.
8.39000, 111.
8.40000, 107.
8.41000, 89.
8.42000, 131.
8.43000, 119.
8.44000, 134.
8.45000, 131.
8.46000, 147.
8.47000, 167.
8.48000, 164.
8.49000, 178.
8.50000, 206.
8.51000, 248.
8.52000, 244.
8.53000, 299.
8.54000, 345.
8.55000, 374.
8.56000, 439.
8.57000, 490.
8.58000, 519.
8.59000, 545.
8.60000, 586.
8.61000, 643.
8.62000, 668.
8.63000, 675.
8.64000, 625.
8.65000, 597.
8.66000, 578.
8.67000, 570.
8.68000, 527.
8.69000, 466.
8.70000, 434.
8.71000, 383.
8.72000, 315.
8.73000, 297.
8.74000, 243.
8.75000, 223.
8.76000, 193.
8.77000, 215.
8.78000, 182.
8.79000, 143.
8.80000, 155.
8.81000, 128.
8.82000, 136.
8.83000, 133.
8.84000, 140.
8.85000, 104.
8.86000, 140.
8.87000, 131.
8.88000, 129.
8.89000, 115.
8.90000, 117.
8.91000, 115.
8.92000, 113.
8.93000, 115.
8.94000, 127.
8.95000, 136.
8.96000, 109.
8.97000, 111.
8.98000, 128.
8.99000, 133.
9.00000, 127.
9.01000, 115.
9.02000, 130.
9.03000, 122.
9.04000, 119.
9.05000, 117.
9.06000, 128.
9.07000, 128.
9.08000, 144.
9.09000, 121.
9.10000, 138.
9.11000, 117.
9.12000, 120.
9.13000, 117.
9.14000, 144.
9.15000, 134.
9.16000, 135.
9.17000, 144.
9.18000, 145.
9.19000, 122.
9.20000, 143.
9.21000, 148.
9.22000, 146.
9.23000, 158.
9.24000, 136.
9.25000, 140.
9.26000, 145.
9.27000, 151.
9.28000, 123.
9.29000, 142.
9.30000, 157.
9.31000, 131.
9.32000, 150.
9.33000, 133.
9.34000, 134.
9.35000, 152.
9.36000, 143.
9.37000, 114.
9.38000, 136.
9.39000, 148.
9.40000, 128.
9.41000, 134.
9.42000, 161.
9.43000, 127.
9.44000, 149.
9.45000, 148.
9.46000, 149.
9.47000, 180.
9.48000, 182.
9.49000, 172.
9.50000, 175.
9.51000, 182.
9.52000, 230.
9.53000, 193.
9.54000, 207.
9.55000, 217.
9.56000, 214.
9.57000, 202.
9.58000, 246.
9.59000, 223.
9.60000, 203.
9.61000, 204.
9.62000, 212.
9.63000, 209.
9.64000, 168.
9.65000, 165.
9.66000, 166.
9.67000, 179.
9.68000, 147.
9.69000, 161.
9.70000, 162.
9.71000, 144.
9.72000, 139.
9.73000, 131.
9.74000, 124.
9.75000, 133.
9.76000, 142.
9.77000, 151.
9.78000, 142.
9.79000, 142.
9.80000, 129.
9.81000, 129.
9.82000, 126.
9.83000, 141.
9.84000, 159.
9.85000, 124.
9.86000, 135.
9.87000, 138.
9.88000, 115.
9.89000, 123.
9.90000, 124.
9.91000, 122.
9.92000, 142.
9.93000, 147.
9.94000, 146.
9.95000, 130.
9.96000, 107.
9.97000, 135.
9.98000, 147.
9.99000, 126.
10.00000, 137.
10.01000, 137.
10.02000, 122.
10.03000, 129.
10.04000, 141.
10.05000, 137.
10.06000, 135.
10.07000, 129.
10.08000, 139.
10.09000, 162.
10.10000, 136.
10.11000, 139.
10.12000, 135.
10.13000, 139.
10.14000, 139.
10.15000, 147.
10.16000, 138.
10.17000, 178.
10.18000, 133.
10.19000, 129.
10.20000, 124.
10.21000, 135.
10.22000, 126.
10.23000, 129.
10.24000, 119.
10.25000, 144.
10.26000, 131.
10.27000, 143.
10.28000, 144.
10.29000, 146.
10.30000, 141.
10.31000, 149.
10.32000, 128.
10.33000, 139.
10.34000, 142.
10.35000, 163.
10.36000, 166.
10.37000, 157.
10.38000, 194.
10.39000, 195.
10.40000, 184.
10.41000, 217.
10.42000, 211.
10.43000, 235.
10.44000, 276.
10.45000, 249.
10.46000, 282.
10.47000, 293.
10.48000, 311.
10.49000, 314.
10.50000, 341.
10.51000, 331.
10.52000, 401.
10.53000, 382.
10.54000, 398.
10.55000, 381.
10.56000, 342.
10.57000, 370.
10.58000, 315.
10.59000, 337.
10.60000, 301.
10.61000, 312.
10.62000, 276.
10.63000, 276.
10.64000, 227.
10.65000, 248.
10.66000, 234.
10.67000, 205.
10.68000, 202.
10.69000, 178.
10.70000, 195.
10.71000, 178.
10.72000, 164.
10.73000, 131.
10.74000, 156.
10.75000, 130.
10.76000, 163.
10.77000, 157.
10.78000, 175.
10.79000, 124.
10.80000, 136.
10.81000, 134.
10.82000, 135.
10.83000, 144.
10.84000, 155.
10.85000, 136.
10.86000, 134.
10.87000, 161.
10.88000, 132.
10.89000, 138.
10.90000, 135.
10.91000, 151.
10.92000, 150.
10.93000, 133.
10.94000, 151.
10.95000, 158.
10.96000, 132.
10.97000, 137.
10.98000, 161.
10.99000, 137.
11.00000, 164.
11.01000, 117.
11.02000, 144.
11.03000, 131.
11.04000, 141.
11.05000, 145.
11.06000, 145.
11.07000, 134.
11.08000, 132.
11.09000, 143.
11.10000, 136.
11.11000, 151.
11.12000, 131.
11.13000, 145.
11.14000, 145.
11.15000, 133.
11.16000, 153.
11.17000, 150.
11.18000, 144.
11.19000, 133.
11.20000, 154.
11.21000, 148.
11.22000, 152.
11.23000, 147.
11.24000, 161.
11.25000, 138.
11.26000, 155.
11.27000, 157.
11.28000, 154.
11.29000, 146.
11.30000, 167.
11.31000, 145.
11.32000, 161.
11.33000, 168.
11.34000, 154.
11.35000, 147.
11.36000, 159.
11.37000, 150.
11.38000, 158.
11.39000, 161.
11.40000, 162.
11.41000, 169.
11.42000, 164.
11.43000, 140.
11.44000, 157.
11.45000, 182.
11.46000, 164.
11.47000, 156.
11.48000, 140.
11.49000, 159.
11.50000, 162.
11.51000, 157.
11.52000, 148.
11.53000, 157.
11.54000, 126.
11.55000, 145.
11.56000, 140.
11.57000, 131.
11.58000, 151.
11.59000, 176.
11.60000, 164.
11.61000, 149.
11.62000, 142.
11.63000, 153.
11.64000, 146.
11.65000, 171.
11.66000, 142.
11.67000, 165.
11.68000, 157.
11.69000, 168.
11.70000, 153.
11.71000, 149.
11.72000, 137.
11.73000, 160.
11.74000, 172.
11.75000, 141.
11.76000, 182.
11.77000, 145.
11.78000, 134.
11.79000, 145.
11.80000, 162.
11.81000, 141.
11.82000, 139.
11.83000, 177.
11.84000, 159.
11.85000, 166.
11.86000, 182.
11.87000, 160.
11.88000, 143.
11.89000, 158.
11.90000, 153.
11.91000, 136.
11.92000, 163.
11.93000, 179.
11.94000, 167.
11.95000, 175.
11.96000, 172.
11.97000, 142.
11.98000, 153.
11.99000, 170.
12.00000, 142.
12.01000, 163.
12.02000, 159.
12.03000, 167.
12.04000, 162.
12.05000, 149.
12.06000, 148.
12.07000, 146.
12.08000, 156.
12.09000, 156.
12.10000, 144.
12.11000, 155.
12.12000, 146.
12.13000, 165.
12.14000, 170.
12.15000, 173.
12.16000, 169.
12.17000, 162.
12.18000, 154.
12.19000, 154.
12.20000, 169.
12.21000, 173.
12.22000, 165.
12.23000, 161.
12.24000, 132.
12.25000, 159.
12.26000, 180.
12.27000, 179.
12.28000, 166.
12.29000, 143.
12.30000, 164.
12.31000, 186.
12.32000, 157.
12.33000, 165.
12.34000, 167.
12.35000, 174.
12.36000, 152.
12.37000, 177.
12.38000, 178.
12.39000, 155.
12.40000, 169.
12.41000, 159.
12.42000, 160.
12.43000, 185.
12.44000, 184.
12.45000, 190.
12.46000, 180.
12.47000, 219.
12.48000, 209.
12.49000, 248.
12.50000, 263.
12.51000, 295.
12.52000, 315.
12.53000, 300.
12.54000, 324.
12.55000, 311.
12.56000, 346.
12.57000, 376.
12.58000, 406.
12.59000, 376.
12.60000, 385.
12.61000, 380.
12.62000, 382.
12.63000, 378.
12.64000, 402.
12.65000, 368.
12.66000, 354.
12.67000, 327.
12.68000, 326.
12.69000, 305.
12.70000, 274.
12.71000, 287.
12.72000, 284.
12.73000, 248.
12.74000, 251.
12.75000, 243.
12.76000, 247.
12.77000, 211.
12.78000, 211.
12.79000, 208.
12.80000, 204.
12.81000, 219.
12.82000, 190.
12.83000, 202.
12.84000, 176.
12.85000, 198.
12.86000, 208.
12.87000, 202.
12.88000, 182.
12.89000, 191.
12.90000, 170.
12.91000, 191.
12.92000, 165.
12.93000, 189.
12.94000, 189.
12.95000, 181.
12.96000, 187.
12.97000, 174.
12.98000, 193.
12.99000, 180.
13.00000, 191.
13.01000, 167.
13.02000, 169.
13.03000, 181.
13.04000, 171.
13.05000, 164.
13.06000, 181.
13.07000, 189.
13.08000, 182.
13.09000, 142.
13.10000, 163.
13.11000, 188.
13.12000, 175.
13.13000, 153.
13.14000, 165.
13.15000, 167.
13.16000, 164.
13.17000, 177.
13.18000, 175.
13.19000, 181.
13.20000, 176.
13.21000, 172.
13.22000, 201.
13.23000, 204.
13.24000, 187.
13.25000, 216.
13.26000, 235.
13.27000, 231.
13.28000, 250.
13.29000, 234.
13.30000, 232.
13.31000, 274.
13.32000, 270.
13.33000, 270.
13.34000, 249.
13.35000, 284.
13.36000, 304.
13.37000, 308.
13.38000, 261.
13.39000, 281.
13.40000, 289.
13.41000, 256.
13.42000, 269.
13.43000, 236.
13.44000, 246.
13.45000, 254.
13.46000, 211.
13.47000, 225.
13.48000, 192.
13.49000, 215.
13.50000, 216.
13.51000, 216.
13.52000, 166.
13.53000, 195.
13.54000, 174.
13.55000, 167.
13.56000, 176.
13.57000, 172.
13.58000, 177.
13.59000, 175.
13.60000, 172.
13.61000, 173.
13.62000, 160.
13.63000, 162.
13.64000, 163.
13.65000, 175.
13.66000, 159.
13.67000, 165.
13.68000, 182.
13.69000, 167.
13.70000, 171.
13.71000, 186.
13.72000, 134.
13.73000, 178.
13.74000, 152.
13.75000, 181.
13.76000, 165.
13.77000, 153.
13.78000, 171.
13.79000, 184.
13.80000, 147.
13.81000, 164.
13.82000, 173.
13.83000, 159.
13.84000, 186.
13.85000, 158.
13.86000, 172.
13.87000, 198.
13.88000, 163.
13.89000, 172.
13.90000, 166.
13.91000, 195.
13.92000, 220.
13.93000, 172.
13.94000, 204.
13.95000, 228.
13.96000, 219.
13.97000, 244.
13.98000, 298.
13.99000, 306.
14.00000, 352.
14.01000, 375.
14.02000, 400.
14.03000, 425.
14.04000, 438.
14.05000, 475.
14.06000, 531.
14.07000, 531.
14.08000, 522.
14.09000, 592.
14.10000, 565.
14.11000, 631.
14.12000, 614.
14.13000, 597.
14.14000, 625.
14.15000, 581.
14.16000, 608.
14.17000, 575.
14.18000, 561.
14.19000, 533.
14.20000, 519.
14.21000, 442.
14.22000, 442.
14.23000, 431.
14.24000, 362.
14.25000, 328.
14.26000, 339.
14.27000, 297.
14.28000, 288.
14.29000, 250.
14.30000, 242.
14.31000, 208.
14.32000, 190.
14.33000, 208.
14.34000, 171.
14.35000, 197.
14.36000, 200.
14.37000, 196.
14.38000, 164.
14.39000, 180.
14.40000, 160.
14.41000, 186.
14.42000, 172.
14.43000, 161.
14.44000, 160.
14.45000, 157.
14.46000, 167.
14.47000, 154.
14.48000, 149.
14.49000, 145.
14.50000, 158.
14.51000, 174.
14.52000, 152.
14.53000, 167.
14.54000, 148.
14.55000, 165.
14.56000, 160.
14.57000, 171.
14.58000, 157.
14.59000, 155.
14.60000, 195.
14.61000, 164.
14.62000, 172.
14.63000, 173.
14.64000, 176.
14.65000, 152.
14.66000, 185.
14.67000, 172.
14.68000, 181.
14.69000, 202.
14.70000, 194.
14.71000, 183.
14.72000, 211.
14.73000, 209.
14.74000, 200.
14.75000, 194.
14.76000, 221.
14.77000, 206.
14.78000, 196.
14.79000, 202.
14.80000, 212.
14.81000, 238.
14.82000, 219.
14.83000, 220.
14.84000, 229.
14.85000, 198.
14.86000, 202.
14.87000, 204.
14.88000, 205.
14.89000, 221.
14.90000, 201.
14.91000, 204.
14.92000, 203.
14.93000, 225.
14.94000, 213.
14.95000, 186.
14.96000, 219.
14.97000, 224.
14.98000, 188.
14.99000, 200.
15.00000, 208.
15.01000, 189.
15.02000, 174.
15.03000, 218.
15.04000, 171.
15.05000, 200.
15.06000, 193.
15.07000, 191.
15.08000, 216.
15.09000, 197.
15.10000, 204.
15.11000, 214.
15.12000, 197.
15.13000, 186.
15.14000, 176.
15.15000, 174.
15.16000, 191.
15.17000, 184.
15.18000, 167.
15.19000, 160.
15.20000, 168.
15.21000, 173.
15.22000, 186.
15.23000, 195.
15.24000, 144.
15.25000, 174.
15.26000, 181.
15.27000, 159.
15.28000, 168.
15.29000, 154.
15.30000, 157.
15.31000, 169.
15.32000, 177.
15.33000, 171.
15.34000, 144.
15.35000, 167.
15.36000, 140.
15.37000, 138.
15.38000, 144.
15.39000, 177.
15.40000, 161.
15.41000, 173.
15.42000, 174.
15.43000, 149.
15.44000, 156.
15.45000, 163.
15.46000, 173.
15.47000, 169.
15.48000, 174.
15.49000, 154.
15.50000, 190.
15.51000, 168.
15.52000, 183.
15.53000, 192.
15.54000, 187.
15.55000, 238.
15.56000, 252.
15.57000, 257.
15.58000, 288.
15.59000, 301.
15.60000, 341.
15.61000, 343.
15.62000, 336.
15.63000, 373.
15.64000, 402.
15.65000, 437.
15.66000, 425.
15.67000, 467.
15.68000, 518.
15.69000, 490.
15.70000, 555.
15.71000, 556.
15.72000, 570.
15.73000, 589.
15.74000, 578.
15.75000, 569.
15.76000, 627.
15.77000, 583.
15.78000, 549.
15.79000, 558.
15.80000, 517.
15.81000, 489.
15.82000, 472.
15.83000, 456.
15.84000, 439.
15.85000, 396.
15.86000, 382.
15.87000, 357.
15.88000, 298.
15.89000, 313.
15.90000, 286.
15.91000, 246.
15.92000, 234.
15.93000, 233.
15.94000, 222.
15.95000, 219.
15.96000, 191.
15.97000, 184.
15.98000, 189.
15.99000, 178.
16.00000, 186.
16.01000, 217.
16.02000, 168.
16.03000, 200.
16.04000, 192.
16.05000, 163.
16.06000, 150.
16.07000, 186.
16.08000, 160.
16.09000, 190.
16.10000, 181.
16.11000, 191.
16.12000, 163.
16.13000, 163.
16.14000, 161.
16.15000, 157.
16.16000, 153.
16.17000, 154.
16.18000, 185.
16.19000, 159.
16.20000, 158.
16.21000, 146.
16.22000, 154.
16.23000, 166.
16.24000, 164.
16.25000, 159.
16.26000, 161.
16.27000, 143.
16.28000, 148.
16.29000, 160.
16.30000, 155.
16.31000, 157.
16.32000, 151.
16.33000, 131.
16.34000, 160.
16.35000, 156.
16.36000, 175.
16.37000, 152.
16.38000, 150.
16.39000, 157.
16.40000, 152.
16.41000, 140.
16.42000, 149.
16.43000, 155.
16.44000, 170.
16.45000, 174.
16.46000, 145.
16.47000, 155.
16.48000, 152.
16.49000, 186.
16.50000, 173.
16.51000, 161.
16.52000, 162.
16.53000, 171.
16.54000, 166.
16.55000, 174.
16.56000, 163.
16.57000, 161.
16.58000, 189.
16.59000, 166.
16.60000, 180.
16.61000, 169.
16.62000, 166.
16.63000, 154.
16.64000, 161.
16.65000, 181.
16.66000, 171.
16.67000, 158.
16.68000, 147.
16.69000, 177.
16.70000, 184.
16.71000, 159.
16.72000, 183.
16.73000, 165.
16.74000, 169.
16.75000, 154.
16.76000, 161.
16.77000, 167.
16.78000, 144.
16.79000, 186.
16.80000, 169.
16.81000, 163.
16.82000, 202.
16.83000, 164.
16.84000, 152.
16.85000, 155.
16.86000, 173.
16.87000, 162.
16.88000, 160.
16.89000, 166.
16.90000, 159.
16.91000, 172.
16.92000, 181.
16.93000, 162.
16.94000, 167.
16.95000, 188.
16.96000, 152.
16.97000, 139.
16.98000, 168.
16.99000, 172.
17.00000, 156.
17.01000, 167.
17.02000, 156.
17.03000, 166.
17.04000, 186.
17.05000, 159.
17.06000, 153.
17.07000, 176.
17.08000, 139.
17.09000, 176.
17.10000, 178.
17.11000, 148.
17.12000, 148.
17.13000, 164.
17.14000, 179.
17.15000, 165.
17.16000, 155.
17.17000, 192.
17.18000, 188.
17.19000, 167.
17.20000, 153.
17.21000, 199.
17.22000, 167.
17.23000, 158.
17.24000, 176.
17.25000, 174.
17.26000, 172.
17.27000, 180.
17.28000, 171.
17.29000, 157.
17.30000, 146.
17.31000, 171.
17.32000, 163.
17.33000, 178.
17.34000, 192.
17.35000, 188.
17.36000, 176.
17.37000, 166.
17.38000, 177.
17.39000, 173.
17.40000, 198.
17.41000, 193.
17.42000, 162.
17.43000, 187.
17.44000, 194.
17.45000, 196.
17.46000, 189.
17.47000, 189.
17.48000, 202.
17.49000, 194.
17.50000, 202.
17.51000, 208.
17.52000, 205.
17.53000, 194.
17.54000, 214.
17.55000, 199.
17.56000, 216.
17.57000, 243.
17.58000, 245.
17.59000, 228.
17.60000, 236.
17.61000, 228.
17.62000, 247.
17.63000, 236.
17.64000, 223.
17.65000, 256.
17.66000, 247.
17.67000, 256.
17.68000, 250.
17.69000, 259.
17.70000, 247.
17.71000, 230.
17.72000, 238.
17.73000, 250.
17.74000, 255.
17.75000, 218.
17.76000, 226.
17.77000, 228.
17.78000, 240.
17.79000, 253.
17.80000, 233.
17.81000, 227.
17.82000, 212.
17.83000, 221.
17.84000, 224.
17.85000, 216.
17.86000, 235.
17.87000, 228.
17.88000, 242.
17.89000, 245.
17.90000, 222.
17.91000, 223.
17.92000, 216.
17.93000, 227.
17.94000, 210.
17.95000, 234.
17.96000, 237.
17.97000, 235.
17.98000, 221.
17.99000, 246.
18.00000, 233.
18.01000, 259.
18.02000, 230.
18.03000, 217.
18.04000, 255.
18.05000, 261.
18.06000, 265.
18.07000, 245.
18.08000, 235.
18.09000, 253.
18.10000, 255.
18.11000, 267.
18.12000, 262.
18.13000, 257.
18.14000, 298.
18.15000, 257.
18.16000, 271.
18.17000, 304.
18.18000, 276.
18.19000, 250.
18.20000, 289.
18.21000, 302.
18.22000, 303.
18.23000, 320.
18.24000, 320.
18.25000, 322.
18.26000, 313.
18.27000, 301.
18.28000, 351.
18.29000, 360.
18.30000, 363.
18.31000, 356.
18.32000, 327.
18.33000, 372.
18.34000, 364.
18.35000, 363.
18.36000, 394.
18.37000, 370.
18.38000, 447.
18.39000, 410.
18.40000, 445.
18.41000, 441.
18.42000, 455.
18.43000, 471.
18.44000, 452.
18.45000, 499.
18.46000, 489.
18.47000, 504.
18.48000, 519.
18.49000, 542.
18.50000, 583.
18.51000, 578.
18.52000, 565.
18.53000, 620.
18.54000, 616.
18.55000, 717.
18.56000, 680.
18.57000, 709.
18.58000, 682.
18.59000, 734.
18.60000, 784.
18.61000, 752.
18.62000, 755.
18.63000, 832.
18.64000, 842.
18.65000, 802.
18.66000, 838.
18.67000, 833.
18.68000, 873.
18.69000, 921.
18.70000, 945.
18.71000, 934.
18.72000, 898.
18.73000, 977.
18.74000, 927.
18.75000, 917.
18.76000, 993.
18.77000, 996.
18.78000, 949.
18.79000, 997.
18.80000, 962.
18.81000, 1034.
18.82000, 1021.
18.83000, 992.
18.84000, 1054.
18.85000, 1023.
18.86000, 1013.
18.87000, 1037.
18.88000, 1021.
18.89000, 991.
18.90000, 968.
18.91000, 927.
18.92000, 952.
18.93000, 925.
18.94000, 918.
18.95000, 908.
18.96000, 921.
18.97000, 933.
18.98000, 904.
18.99000, 809.
19.00000, 832.
19.01000, 832.
19.02000, 819.
19.03000, 760.
19.04000, 790.
19.05000, 809.
19.06000, 756.
19.07000, 740.
19.08000, 700.
19.09000, 688.
19.10000, 670.
19.11000, 701.
19.12000, 595.
19.13000, 659.
19.14000, 576.
19.15000, 544.
19.16000, 600.
19.17000, 569.
19.18000, 543.
19.19000, 510.
19.20000, 486.
19.21000, 468.
19.22000, 463.
19.23000, 464.
19.24000, 471.
19.25000, 461.
19.26000, 399.
19.27000, 428.
19.28000, 404.
19.29000, 384.
19.30000, 363.
19.31000, 409.
19.32000, 368.
19.33000, 343.
19.34000, 374.
19.35000, 361.
19.36000, 302.
19.37000, 335.
19.38000, 307.
19.39000, 316.
19.40000, 335.
19.41000, 272.
19.42000, 322.
19.43000, 302.
19.44000, 310.
19.45000, 272.
19.46000, 295.
19.47000, 290.
19.48000, 297.
19.49000, 274.
19.50000, 256.
19.51000, 263.
19.52000, 245.
19.53000, 231.
19.54000, 269.
19.55000, 245.
19.56000, 269.
19.57000, 237.
19.58000, 228.
19.59000, 235.
19.60000, 210.
19.61000, 198.
19.62000, 212.
19.63000, 206.
19.64000, 245.
19.65000, 227.
19.66000, 219.
19.67000, 220.
19.68000, 204.
19.69000, 199.
19.70000, 211.
19.71000, 193.
19.72000, 198.
19.73000, 179.
19.74000, 192.
19.75000, 195.
19.76000, 191.
19.77000, 197.
19.78000, 212.
19.79000, 174.
19.80000, 187.
19.81000, 198.
19.82000, 228.
19.83000, 203.
19.84000, 203.
19.85000, 214.
19.86000, 206.
19.87000, 212.
19.88000, 222.
19.89000, 239.
19.90000, 237.
19.91000, 263.
19.92000, 272.
19.93000, 276.
19.94000, 313.
19.95000, 309.
19.96000, 332.
19.97000, 335.
19.98000, 375.
19.99000, 352.
20.00000, 344.
20.01000, 378.
20.02000, 465.
20.03000, 440.
20.04000, 520.
20.05000, 511.
20.06000, 455.
20.07000, 524.
20.08000, 530.
20.09000, 533.
20.10000, 558.
20.11000, 598.
20.12000, 636.
20.13000, 582.
20.14000, 567.
20.15000, 605.
20.16000, 592.
20.17000, 583.
20.18000, 608.
20.19000, 586.
20.20000, 604.
20.21000, 571.
20.22000, 507.
20.23000, 488.
20.24000, 461.
20.25000, 482.
20.26000, 479.
20.27000, 442.
20.28000, 432.
20.29000, 375.
20.30000, 355.
20.31000, 326.
20.32000, 290.
20.33000, 286.
20.34000, 254.
20.35000, 251.
20.36000, 239.
20.37000, 197.
20.38000, 210.
20.39000, 175.
20.40000, 219.
20.41000, 202.
20.42000, 176.
20.43000, 172.
20.44000, 179.
20.45000, 202.
20.46000, 157.
20.47000, 168.
20.48000, 183.
20.49000, 181.
20.50000, 161.
20.51000, 163.
20.52000, 160.
20.53000, 178.
20.54000, 182.
20.55000, 165.
20.56000, 153.
20.57000, 169.
20.58000, 173.
20.59000, 202.
20.60000, 182.
20.61000, 161.
20.62000, 155.
20.63000, 205.
20.64000, 178.
20.65000, 202.
20.66000, 201.
20.67000, 200.
20.68000, 220.
20.69000, 222.
20.70000, 195.
20.71000, 219.
20.72000, 220.
20.73000, 215.
20.74000, 206.
20.75000, 258.
20.76000, 211.
20.77000, 229.
20.78000, 220.
20.79000, 247.
20.80000, 231.
20.81000, 223.
20.82000, 236.
20.83000, 236.
20.84000, 223.
20.85000, 247.
20.86000, 237.
20.87000, 262.
20.88000, 229.
20.89000, 247.
20.90000, 290.
20.91000, 246.
20.92000, 271.
20.93000, 276.
20.94000, 254.
20.95000, 252.
20.96000, 268.
20.97000, 261.
20.98000, 291.
20.99000, 267.
21.00000, 267.
21.01000, 257.
21.02000, 302.
21.03000, 270.
21.04000, 266.
21.05000, 270.
21.06000, 277.
21.07000, 226.
21.08000, 271.
21.09000, 259.
21.10000, 259.
21.11000, 261.
21.12000, 271.
21.13000, 261.
21.14000, 254.
21.15000, 286.
21.16000, 253.
21.17000, 267.
21.18000, 246.
21.19000, 253.
21.20000, 243.
21.21000, 229.
21.22000, 263.
21.23000, 220.
21.24000, 254.
21.25000, 214.
21.26000, 254.
21.27000, 228.
21.28000, 222.
21.29000, 242.
21.30000, 202.
21.31000, 218.
21.32000, 208.
21.33000, 259.
21.34000, 213.
21.35000, 189.
21.36000, 210.
21.37000, 194.
21.38000, 208.
21.39000, 224.
21.40000, 168.
21.41000, 217.
21.42000, 156.
21.43000, 189.
21.44000, 179.
21.45000, 162.
21.46000, 188.
21.47000, 182.
21.48000, 192.
21.49000, 189.
21.50000, 149.
21.51000, 156.
21.52000, 174.
21.53000, 167.
21.54000, 167.
21.55000, 165.
21.56000, 159.
21.57000, 177.
21.58000, 134.
21.59000, 145.
21.60000, 155.
21.61000, 159.
21.62000, 129.
21.63000, 146.
21.64000, 138.
21.65000, 153.
21.66000, 159.
21.67000, 121.
21.68000, 153.
21.69000, 119.
21.70000, 131.
21.71000, 145.
21.72000, 146.
21.73000, 125.
21.74000, 133.
21.75000, 144.
21.76000, 121.
21.77000, 109.
21.78000, 142.
21.79000, 112.
21.80000, 121.
21.81000, 130.
21.82000, 122.
21.83000, 108.
21.84000, 117.
21.85000, 120.
21.86000, 98.
21.87000, 132.
21.88000, 127.
21.89000, 105.
21.90000, 109.
21.91000, 117.
21.92000, 88.
21.93000, 107.
21.94000, 96.
21.95000, 99.
21.96000, 129.
21.97000, 134.
21.98000, 119.
21.99000, 118.
22.00000, 119.
22.01000, 107.
22.02000, 120.
22.03000, 106.
22.04000, 89.
22.05000, 97.
22.06000, 114.
22.07000, 108.
22.08000, 108.
22.09000, 105.
22.10000, 107.
22.11000, 102.
22.12000, 95.
22.13000, 106.
22.14000, 110.
22.15000, 110.
22.16000, 104.
22.17000, 89.
22.18000, 111.
22.19000, 95.
22.20000, 98.
22.21000, 112.
22.22000, 107.
22.23000, 95.
22.24000, 122.
22.25000, 91.
22.26000, 90.
22.27000, 93.
22.28000, 97.
22.29000, 113.
22.30000, 89.
22.31000, 85.
22.32000, 100.
22.33000, 110.
22.34000, 101.
22.35000, 101.
22.36000, 85.
22.37000, 117.
22.38000, 105.
22.39000, 89.
22.40000, 87.
22.41000, 81.
22.42000, 83.
22.43000, 86.
22.44000, 103.
22.45000, 100.
22.46000, 106.
22.47000, 96.
22.48000, 89.
22.49000, 102.
22.50000, 95.
22.51000, 108.
22.52000, 123.
22.53000, 99.
22.54000, 118.
22.55000, 119.
22.56000, 108.
22.57000, 134.
22.58000, 118.
22.59000, 132.
22.60000, 140.
22.61000, 163.
22.62000, 140.
22.63000, 138.
22.64000, 168.
22.65000, 165.
22.66000, 145.
22.67000, 147.
22.68000, 144.
22.69000, 167.
22.70000, 172.
22.71000, 182.
22.72000, 176.
22.73000, 160.
22.74000, 158.
22.75000, 122.
22.76000, 143.
22.77000, 136.
22.78000, 137.
22.79000, 145.
22.80000, 137.
22.81000, 117.
22.82000, 124.
22.83000, 114.
22.84000, 126.
22.85000, 118.
22.86000, 112.
22.87000, 92.
22.88000, 86.
22.89000, 103.
22.90000, 96.
22.91000, 89.
22.92000, 85.
22.93000, 90.
22.94000, 80.
22.95000, 88.
22.96000, 88.
22.97000, 77.
22.98000, 80.
22.99000, 88.
23.00000, 81.
23.01000, 108.
23.02000, 97.
23.03000, 105.
23.04000, 99.
23.05000, 79.
23.06000, 91.
23.07000, 89.
23.08000, 98.
23.09000, 83.
23.10000, 75.
23.11000, 94.
23.12000, 97.
23.13000, 90.
23.14000, 84.
23.15000, 104.
23.16000, 97.
23.17000, 96.
23.18000, 89.
23.19000, 95.
23.20000, 97.
23.21000, 87.
23.22000, 70.
23.23000, 85.
23.24000, 84.
23.25000, 90.
23.26000, 75.
23.27000, 80.
23.28000, 85.
23.29000, 87.
23.30000, 82.
23.31000, 75.
23.32000, 73.
23.33000, 74.
23.34000, 87.
23.35000, 74.
23.36000, 74.
23.37000, 65.
23.38000, 73.
23.39000, 71.
23.40000, 84.
23.41000, 77.
23.42000, 68.
23.43000, 74.
23.44000, 92.
23.45000, 81.
23.46000, 77.
23.47000, 62.
23.48000, 76.
23.49000, 80.
23.50000, 91.
23.51000, 63.
23.52000, 64.
23.53000, 78.
23.54000, 73.
23.55000, 79.
23.56000, 75.
23.57000, 82.
23.58000, 78.
23.59000, 75.
23.60000, 78.
23.61000, 81.
23.62000, 78.
23.63000, 74.
23.64000, 81.
23.65000, 70.
23.66000, 73.
23.67000, 70.
23.68000, 78.
23.69000, 81.
23.70000, 63.
23.71000, 70.
23.72000, 80.
23.73000, 71.
23.74000, 79.
23.75000, 67.
23.76000, 65.
23.77000, 78.
23.78000, 80.
23.79000, 76.
23.80000, 68.
23.81000, 76.
23.82000, 79.
23.83000, 76.
23.84000, 63.
23.85000, 84.
23.86000, 91.
23.87000, 68.
23.88000, 85.
23.89000, 84.
23.90000, 58.
23.91000, 73.
23.92000, 76.
23.93000, 67.
23.94000, 82.
23.95000, 61.
23.96000, 68.
23.97000, 73.
23.98000, 90.
23.99000, 71.
24.00000, 74.
24.01000, 72.
24.02000, 68.
24.03000, 62.
24.04000, 75.
24.05000, 63.
24.06000, 82.
24.07000, 68.
24.08000, 79.
24.09000, 75.
24.10000, 61.
24.11000, 79.
24.12000, 61.
24.13000, 75.
24.14000, 70.
24.15000, 56.
24.16000, 82.
24.17000, 66.
24.18000, 71.
24.19000, 70.
24.20000, 76.
24.21000, 53.
24.22000, 70.
24.23000, 72.
24.24000, 78.
24.25000, 83.
24.26000, 83.
24.27000, 72.
24.28000, 54.
24.29000, 71.
24.30000, 62.
24.31000, 72.
24.32000, 63.
24.33000, 90.
24.34000, 70.
24.35000, 73.
24.36000, 65.
24.37000, 66.
24.38000, 70.
24.39000, 78.
24.40000, 82.
24.41000, 74.
24.42000, 67.
24.43000, 93.
24.44000, 74.
24.45000, 72.
24.46000, 63.
24.47000, 83.
24.48000, 68.
24.49000, 65.
24.50000, 81.
24.51000, 66.
24.52000, 62.
24.53000, 82.
24.54000, 80.
24.55000, 76.
24.56000, 69.
24.57000, 89.
24.58000, 75.
24.59000, 52.
24.60000, 60.
24.61000, 69.
24.62000, 79.
24.63000, 50.
24.64000, 78.
24.65000, 77.
24.66000, 77.
24.67000, 69.
24.68000, 67.
24.69000, 72.
24.70000, 73.
24.71000, 86.
24.72000, 67.
24.73000, 65.
24.74000, 96.
24.75000, 74.
24.76000, 65.
24.77000, 70.
24.78000, 66.
24.79000, 62.
24.80000, 79.
24.81000, 71.
24.82000, 76.
24.83000, 75.
24.84000, 82.
24.85000, 78.
24.86000, 77.
24.87000, 64.
24.88000, 61.
24.89000, 95.
24.90000, 87.
24.91000, 56.
24.92000, 52.
24.93000, 75.
24.94000, 62.
24.95000, 75.
24.96000, 77.
24.97000, 62.
24.98000, 78.
24.99000, 75.
25.00000, 58.
25.01000, 89.
25.02000, 68.
25.03000, 79.
25.04000, 65.
25.05000, 83.
25.06000, 72.
25.07000, 79.
25.08000, 73.
25.09000, 73.
25.10000, 90.
25.11000, 81.
25.12000, 83.
25.13000, 70.
25.14000, 78.
25.15000, 88.
25.16000, 78.
25.17000, 85.
25.18000, 81.
25.19000, 78.
25.20000, 76.
25.21000, 84.
25.22000, 82.
25.23000, 75.
25.24000, 77.
25.25000, 83.
25.26000, 89.
25.27000, 93.
25.28000, 84.
25.29000, 84.
25.30000, 77.
25.31000, 79.
25.32000, 82.
25.33000, 67.
25.34000, 70.
25.35000, 89.
25.36000, 76.
25.37000, 77.
25.38000, 78.
25.39000, 84.
25.40000, 66.
25.41000, 77.
25.42000, 67.
25.43000, 72.
25.44000, 77.
25.45000, 62.
25.46000, 69.
25.47000, 78.
25.48000, 78.
25.49000, 68.
25.50000, 59.
25.51000, 59.
25.52000, 66.
25.53000, 60.
25.54000, 60.
25.55000, 64.
25.56000, 60.
25.57000, 59.
25.58000, 74.
25.59000, 75.
25.60000, 58.
25.61000, 70.
25.62000, 65.
25.63000, 63.
25.64000, 59.
25.65000, 77.
25.66000, 74.
25.67000, 70.
25.68000, 58.
25.69000, 75.
25.70000, 68.
25.71000, 60.
25.72000, 64.
25.73000, 51.
25.74000, 61.
25.75000, 59.
25.76000, 58.
25.77000, 74.
25.78000, 70.
25.79000, 68.
25.80000, 63.
25.81000, 52.
25.82000, 70.
25.83000, 61.
25.84000, 55.
25.85000, 62.
25.86000, 67.
25.87000, 70.
25.88000, 66.
25.89000, 62.
25.90000, 56.
25.91000, 67.
25.92000, 71.
25.93000, 71.
25.94000, 60.
25.95000, 52.
25.96000, 54.
25.97000, 61.
25.98000, 68.
25.99000, 72.
26.00000, 72.
26.01000, 72.
26.02000, 49.
26.03000, 66.
26.04000, 61.
26.05000, 56.
26.06000, 66.
26.07000, 65.
26.08000, 45.
26.09000, 51.
26.10000, 57.
26.11000, 69.
26.12000, 62.
26.13000, 47.
26.14000, 77.
26.15000, 63.
26.16000, 52.
26.17000, 57.
26.18000, 58.
26.19000, 57.
26.20000, 51.
26.21000, 47.
26.22000, 57.
26.23000, 49.
26.24000, 71.
26.25000, 58.
26.26000, 52.
26.27000, 81.
26.28000, 61.
26.29000, 49.
26.30000, 58.
26.31000, 63.
26.32000, 65.
26.33000, 60.
26.34000, 47.
26.35000, 65.
26.36000, 62.
26.37000, 64.
26.38000, 55.
26.39000, 65.
26.40000, 61.
26.41000, 66.
26.42000, 70.
26.43000, 63.
26.44000, 63.
26.45000, 59.
26.46000, 49.
26.47000, 65.
26.48000, 66.
26.49000, 62.
26.50000, 58.
26.51000, 72.
26.52000, 50.
26.53000, 54.
26.54000, 58.
26.55000, 48.
26.56000, 67.
26.57000, 59.
26.58000, 63.
26.59000, 60.
26.60000, 62.
26.61000, 63.
26.62000, 56.
26.63000, 57.
26.64000, 50.
26.65000, 52.
26.66000, 75.
26.67000, 71.
26.68000, 59.
26.69000, 57.
26.70000, 56.
26.71000, 66.
26.72000, 59.
26.73000, 53.
26.74000, 62.
26.75000, 78.
26.76000, 61.
26.77000, 56.
26.78000, 71.
26.79000, 64.
26.80000, 55.
26.81000, 55.
26.82000, 62.
26.83000, 67.
26.84000, 56.
26.85000, 57.
26.86000, 52.
26.87000, 55.
26.88000, 51.
26.89000, 52.
26.90000, 58.
26.91000, 59.
26.92000, 46.
26.93000, 66.
26.94000, 53.
26.95000, 50.
26.96000, 59.
26.97000, 53.
26.98000, 58.
26.99000, 56.
27.00000, 51.
27.01000, 48.
27.02000, 48.
27.03000, 51.
27.04000, 53.
27.05000, 51.
27.06000, 64.
27.07000, 49.
27.08000, 54.
27.09000, 70.
27.10000, 60.
27.11000, 66.
27.12000, 45.
27.13000, 57.
27.14000, 51.
27.15000, 47.
27.16000, 57.
27.17000, 60.
27.18000, 55.
27.19000, 52.
27.20000, 49.
27.21000, 56.
27.22000, 55.
27.23000, 53.
27.24000, 48.
27.25000, 55.
27.26000, 45.
27.27000, 60.
27.28000, 51.
27.29000, 53.
27.30000, 53.
27.31000, 59.
27.32000, 59.
27.33000, 63.
27.34000, 43.
27.35000, 56.
27.36000, 55.
27.37000, 53.
27.38000, 52.
27.39000, 56.
27.40000, 48.
27.41000, 52.
27.42000, 56.
27.43000, 60.
27.44000, 49.
27.45000, 53.
27.46000, 52.
27.47000, 52.
27.48000, 57.
27.49000, 73.
27.50000, 53.
27.51000, 60.
27.52000, 57.
27.53000, 49.
27.54000, 63.
27.55000, 62.
27.56000, 60.
27.57000, 50.
27.58000, 46.
27.59000, 44.
27.60000, 52.
27.61000, 52.
27.62000, 67.
27.63000, 60.
27.64000, 63.
27.65000, 39.
27.66000, 53.
27.67000, 47.
27.68000, 55.
27.69000, 57.
27.70000, 46.
27.71000, 55.
27.72000, 51.
27.73000, 61.
27.74000, 59.
27.75000, 42.
27.76000, 51.
27.77000, 45.
27.78000, 54.
27.79000, 56.
27.80000, 41.
27.81000, 45.
27.82000, 42.
27.83000, 53.
27.84000, 50.
27.85000, 51.
27.86000, 39.
27.87000, 65.
27.88000, 49.
27.89000, 51.
27.90000, 39.
27.91000, 41.
27.92000, 50.
27.93000, 41.
27.94000, 50.
27.95000, 57.
27.96000, 49.
27.97000, 66.
27.98000, 64.
27.99000, 55.
28.00000, 55.
28.01000, 55.
28.02000, 44.
28.03000, 68.
28.04000, 40.
28.05000, 42.
28.06000, 52.
28.07000, 50.
28.08000, 59.
28.09000, 38.
28.10000, 64.
28.11000, 46.
28.12000, 61.
28.13000, 54.
28.14000, 39.
28.15000, 46.
28.16000, 52.
28.17000, 44.
28.18000, 46.
28.19000, 48.
28.20000, 48.
28.21000, 55.
28.22000, 37.
28.23000, 42.
28.24000, 52.
28.25000, 51.
28.26000, 48.
28.27000, 49.
28.28000, 43.
28.29000, 59.
28.30000, 43.
28.31000, 45.
28.32000, 45.
28.33000, 50.
28.34000, 35.
28.35000, 62.
28.36000, 55.
28.37000, 38.
28.38000, 51.
28.39000, 41.
28.40000, 49.
28.41000, 57.
28.42000, 46.
28.43000, 55.
28.44000, 53.
28.45000, 43.
28.46000, 49.
28.47000, 37.
28.48000, 51.
28.49000, 50.
28.50000, 53.
28.51000, 55.
28.52000, 54.
28.53000, 50.
28.54000, 46.
28.55000, 50.
28.56000, 46.
28.57000, 55.
28.58000, 48.
28.59000, 47.
28.60000, 64.
28.61000, 46.
28.62000, 41.
28.63000, 54.
28.64000, 41.
28.65000, 54.
28.66000, 44.
28.67000, 58.
28.68000, 38.
28.69000, 44.
28.70000, 53.
28.71000, 40.
28.72000, 39.
28.73000, 41.
28.74000, 57.
28.75000, 53.
28.76000, 52.
28.77000, 44.
28.78000, 46.
28.79000, 41.
28.80000, 48.
28.81000, 40.
28.82000, 44.
28.83000, 49.
28.84000, 44.
28.85000, 60.
28.86000, 36.
28.87000, 48.
28.88000, 36.
28.89000, 35.
28.90000, 41.
28.91000, 54.
28.92000, 43.
28.93000, 43.
28.94000, 46.
28.95000, 54.
28.96000, 45.
28.97000, 46.
28.98000, 43.
28.99000, 49.
29.00000, 45.
29.01000, 46.
29.02000, 51.
29.03000, 46.
29.04000, 31.
29.05000, 55.
29.06000, 48.
29.07000, 53.
29.08000, 41.
29.09000, 40.
29.10000, 56.
29.11000, 45.
29.12000, 53.
29.13000, 38.
29.14000, 45.
29.15000, 35.
29.16000, 34.
29.17000, 46.
29.18000, 38.
29.19000, 39.
29.20000, 42.
29.21000, 48.
29.22000, 41.
29.23000, 53.
29.24000, 53.
29.25000, 37.
29.26000, 35.
29.27000, 44.
29.28000, 50.
29.29000, 41.
29.30000, 39.
29.31000, 44.
29.32000, 50.
29.33000, 49.
29.34000, 47.
29.35000, 49.
29.36000, 45.
29.37000, 40.
29.38000, 36.
29.39000, 39.
29.40000, 46.
29.41000, 36.
29.42000, 39.
29.43000, 42.
29.44000, 35.
29.45000, 42.
29.46000, 40.
29.47000, 37.
29.48000, 48.
29.49000, 43.
29.50000, 51.
29.51000, 43.
29.52000, 48.
29.53000, 42.
29.54000, 44.
29.55000, 40.
29.56000, 38.
29.57000, 40.
29.58000, 37.
29.59000, 23.
29.60000, 40.
29.61000, 41.
29.62000, 44.
29.63000, 31.
29.64000, 42.
29.65000, 43.
29.66000, 44.
29.67000, 53.
29.68000, 34.
29.69000, 39.
29.70000, 35.
29.71000, 46.
29.72000, 60.
29.73000, 32.
29.74000, 45.
29.75000, 50.
29.76000, 34.
29.77000, 42.
29.78000, 51.
29.79000, 30.
29.80000, 38.
29.81000, 56.
29.82000, 39.
29.83000, 28.
29.84000, 50.
29.85000, 39.
29.86000, 33.
29.87000, 37.
29.88000, 42.
29.89000, 38.
29.90000, 28.
29.91000, 34.
29.92000, 38.
29.93000, 35.
29.94000, 30.
29.95000, 32.
29.96000, 43.
29.97000, 37.
29.98000, 41.
29.99000, 49.
30.00000, 38.
30.01000, 46.
30.02000, 46.
30.03000, 34.
30.04000, 44.
30.05000, 33.
30.06000, 29.
30.07000, 41.
30.08000, 31.
30.09000, 39.
30.10000, 34.
30.11000, 32.
30.12000, 42.
30.13000, 47.
30.14000, 34.
30.15000, 37.
30.16000, 40.
30.17000, 37.
30.18000, 28.
30.19000, 34.
30.20000, 38.
30.21000, 32.
30.22000, 39.
30.23000, 34.
30.24000, 39.
30.25000, 34.
30.26000, 40.
30.27000, 36.
30.28000, 48.
30.29000, 40.
30.30000, 39.
30.31000, 36.
30.32000, 31.
30.33000, 37.
30.34000, 37.
30.35000, 36.
30.36000, 31.
30.37000, 22.
30.38000, 38.
30.39000, 36.
30.40000, 33.
30.41000, 42.
30.42000, 39.
30.43000, 29.
30.44000, 35.
30.45000, 30.
30.46000, 27.
30.47000, 40.
30.48000, 33.
30.49000, 37.
30.50000, 32.
30.51000, 35.
30.52000, 43.
30.53000, 39.
30.54000, 32.
30.55000, 36.
30.56000, 48.
30.57000, 30.
30.58000, 40.
30.59000, 32.
30.60000, 40.
30.61000, 25.
30.62000, 42.
30.63000, 28.
30.64000, 38.
30.65000, 38.
30.66000, 22.
30.67000, 31.
30.68000, 34.
30.69000, 39.
30.70000, 35.
30.71000, 44.
30.72000, 46.
30.73000, 43.
30.74000, 27.
30.75000, 29.
30.76000, 34.
30.77000, 39.
30.78000, 37.
30.79000, 33.
30.80000, 36.
30.81000, 31.
30.82000, 22.
30.83000, 40.
30.84000, 24.
30.85000, 34.
30.86000, 43.
30.87000, 26.
30.88000, 33.
30.89000, 32.
30.90000, 42.
30.91000, 40.
30.92000, 31.
30.93000, 40.
30.94000, 27.
30.95000, 46.
30.96000, 40.
30.97000, 35.
30.98000, 42.
30.99000, 34.
31.00000, 32.
31.01000, 32.
31.02000, 36.
31.03000, 34.
31.04000, 29.
31.05000, 29.
31.06000, 39.
31.07000, 20.
31.08000, 30.
31.09000, 40.
31.10000, 27.
31.11000, 37.
31.12000, 37.
31.13000, 36.
31.14000, 34.
31.15000, 25.
31.16000, 42.
31.17000, 34.
31.18000, 30.
31.19000, 35.
31.20000, 40.
31.21000, 38.
31.22000, 39.
31.23000, 24.
31.24000, 22.
31.25000, 30.
31.26000, 34.
31.27000, 25.
31.28000, 32.
31.29000, 32.
31.30000, 33.
31.31000, 34.
31.32000, 33.
31.33000, 34.
31.34000, 30.
31.35000, 27.
31.36000, 28.
31.37000, 32.
31.38000, 25.
31.39000, 33.
31.40000, 38.
31.41000, 36.
31.42000, 43.
31.43000, 30.
31.44000, 29.
31.45000, 29.
31.46000, 30.
31.47000, 28.
31.48000, 28.
31.49000, 29.
31.50000, 24.
31.51000, 31.
31.52000, 40.
31.53000, 40.
31.54000, 39.
31.55000, 28.
31.56000, 42.
31.57000, 39.
31.58000, 33.
31.59000, 35.
31.60000, 37.
31.61000, 46.
31.62000, 37.
31.63000, 37.
31.64000, 44.
31.65000, 37.
31.66000, 40.
31.67000, 41.
31.68000, 55.
31.69000, 46.
31.70000, 35.
31.71000, 36.
31.72000, 31.
31.73000, 51.
31.74000, 58.
31.75000, 46.
31.76000, 43.
31.77000, 39.
31.78000, 54.
31.79000, 31.
31.80000, 40.
31.81000, 43.
31.82000, 41.
31.83000, 33.
31.84000, 48.
31.85000, 34.
31.86000, 36.
31.87000, 48.
31.88000, 45.
31.89000, 49.
31.90000, 32.
31.91000, 55.
31.92000, 31.
31.93000, 37.
31.94000, 35.
31.95000, 36.
31.96000, 43.
31.97000, 38.
31.98000, 44.
31.99000, 42.
32.00000, 43.
32.01000, 45.
32.02000, 48.
32.03000, 46.
32.04000, 48.
32.05000, 48.
32.06000, 53.
32.07000, 57.
32.08000, 54.
32.09000, 66.
32.10000, 44.
32.11000, 43.
32.12000, 44.
32.13000, 50.
32.14000, 46.
32.15000, 47.
32.16000, 43.
32.17000, 42.
32.18000, 67.
32.19000, 46.
32.20000, 40.
32.21000, 65.
32.22000, 52.
32.23000, 54.
32.24000, 47.
32.25000, 35.
32.26000, 47.
32.27000, 36.
32.28000, 45.
32.29000, 41.
32.30000, 32.
32.31000, 31.
32.32000, 42.
32.33000, 41.
32.34000, 42.
32.35000, 41.
32.36000, 42.
32.37000, 40.
32.38000, 33.
32.39000, 30.
32.40000, 33.
32.41000, 36.
32.42000, 38.
32.43000, 23.
32.44000, 30.
32.45000, 39.
32.46000, 38.
32.47000, 32.
32.48000, 34.
32.49000, 36.
32.50000, 27.
32.51000, 26.
32.52000, 20.
32.53000, 32.
32.54000, 30.
32.55000, 28.
32.56000, 40.
32.57000, 22.
32.58000, 32.
32.59000, 23.
32.60000, 31.
32.61000, 26.
32.62000, 41.
32.63000, 37.
32.64000, 24.
32.65000, 29.
32.66000, 24.
32.67000, 32.
32.68000, 25.
32.69000, 28.
32.70000, 28.
32.71000, 29.
32.72000, 25.
32.73000, 20.
32.74000, 27.
32.75000, 27.
32.76000, 31.
32.77000, 31.
32.78000, 23.
32.79000, 33.
32.80000, 30.
32.81000, 26.
32.82000, 24.
32.83000, 30.
32.84000, 28.
32.85000, 27.
32.86000, 33.
32.87000, 35.
32.88000, 18.
32.89000, 37.
32.90000, 22.
32.91000, 26.
32.92000, 27.
32.93000, 26.
32.94000, 12.
32.95000, 22.
32.96000, 35.
32.97000, 17.
32.98000, 25.
32.99000, 26.
33.00000, 25.
33.01000, 24.
33.02000, 20.
33.03000, 31.
33.04000, 28.
33.05000, 20.
33.06000, 27.
33.07000, 26.
33.08000, 18.
33.09000, 20.
33.10000, 25.
33.11000, 31.
33.12000, 27.
33.13000, 28.
33.14000, 27.
33.15000, 18.
33.16000, 31.
33.17000, 19.
33.18000, 22.
33.19000, 28.
33.20000, 28.
33.21000, 27.
33.22000, 25.
33.23000, 39.
33.24000, 24.
33.25000, 24.
33.26000, 38.
33.27000, 24.
33.28000, 20.
33.29000, 26.
33.30000, 24.
33.31000, 23.
33.32000, 19.
33.33000, 19.
33.34000, 29.
33.35000, 25.
33.36000, 31.
33.37000, 22.
33.38000, 26.
33.39000, 25.
33.40000, 26.
33.41000, 24.
33.42000, 22.
33.43000, 25.
33.44000, 19.
33.45000, 25.
33.46000, 27.
33.47000, 34.
33.48000, 21.
33.49000, 28.
33.50000, 15.
33.51000, 19.
33.52000, 23.
33.53000, 21.
33.54000, 23.
33.55000, 26.
33.56000, 24.
33.57000, 28.
33.58000, 33.
33.59000, 29.
33.60000, 23.
33.61000, 22.
33.62000, 26.
33.63000, 23.
33.64000, 26.
33.65000, 17.
33.66000, 19.
33.67000, 18.
33.68000, 21.
33.69000, 18.
33.70000, 33.
33.71000, 22.
33.72000, 27.
33.73000, 24.
33.74000, 27.
33.75000, 21.
33.76000, 29.
33.77000, 31.
33.78000, 17.
33.79000, 16.
33.80000, 19.
33.81000, 18.
33.82000, 24.
33.83000, 25.
33.84000, 27.
33.85000, 20.
33.86000, 23.
33.87000, 30.
33.88000, 17.
33.89000, 24.
33.90000, 23.
33.91000, 12.
33.92000, 18.
33.93000, 19.
33.94000, 27.
33.95000, 28.
33.96000, 26.
33.97000, 19.
33.98000, 25.
33.99000, 20.
34.00000, 19.
34.01000, 14.
34.02000, 27.
34.03000, 19.
34.04000, 26.
34.05000, 21.
34.06000, 19.
34.07000, 18.
34.08000, 23.
34.09000, 20.
34.10000, 27.
34.11000, 24.
34.12000, 23.
34.13000, 17.
34.14000, 12.
34.15000, 28.
34.16000, 22.
34.17000, 28.
34.18000, 20.
34.19000, 25.
34.20000, 23.
34.21000, 25.
34.22000, 21.
34.23000, 16.
34.24000, 23.
34.25000, 24.
34.26000, 17.
34.27000, 22.
34.28000, 17.
34.29000, 22.
34.30000, 21.
34.31000, 19.
34.32000, 24.
34.33000, 18.
34.34000, 17.
34.35000, 18.
34.36000, 12.
34.37000, 11.
34.38000, 17.
34.39000, 23.
34.40000, 15.
34.41000, 29.
34.42000, 9.
34.43000, 20.
34.44000, 32.
34.45000, 18.
34.46000, 17.
34.47000, 22.
34.48000, 27.
34.49000, 25.
34.50000, 22.
34.51000, 18.
34.52000, 19.
34.53000, 16.
34.54000, 18.
34.55000, 19.
34.56000, 18.
34.57000, 18.
34.58000, 19.
34.59000, 20.
34.60000, 14.
34.61000, 24.
34.62000, 14.
34.63000, 19.
34.64000, 22.
34.65000, 22.
34.66000, 23.
34.67000, 23.
34.68000, 18.
34.69000, 13.
34.70000, 27.
34.71000, 18.
34.72000, 28.
34.73000, 22.
34.74000, 17.
34.75000, 17.
34.76000, 24.
34.77000, 10.
34.78000, 21.
34.79000, 20.
34.80000, 12.
34.81000, 13.
34.82000, 9.
34.83000, 15.
34.84000, 18.
34.85000, 20.
34.86000, 19.
34.87000, 12.
34.88000, 23.
34.89000, 19.
34.90000, 20.
34.91000, 19.
34.92000, 17.
34.93000, 18.
34.94000, 17.
34.95000, 14.
34.96000, 21.
34.97000, 18.
34.98000, 18.
34.99000, 20.
35.00000, 20.
35.01000, 17.
35.02000, 29.
35.03000, 18.
35.04000, 16.
35.05000, 15.
35.06000, 16.
35.07000, 30.
35.08000, 22.
35.09000, 19.
35.10000, 22.
35.11000, 21.
35.12000, 18.
35.13000, 22.
35.14000, 22.
35.15000, 14.
35.16000, 25.
35.17000, 21.
35.18000, 17.
35.19000, 17.
35.20000, 16.
35.21000, 15.
35.22000, 20.
35.23000, 27.
35.24000, 26.
35.25000, 14.
35.26000, 17.
35.27000, 19.
35.28000, 19.
35.29000, 13.
35.30000, 20.
35.31000, 26.
35.32000, 7.
35.33000, 19.
35.34000, 15.
35.35000, 15.
35.36000, 14.
35.37000, 20.
35.38000, 10.
35.39000, 18.
35.40000, 16.
35.41000, 15.
35.42000, 13.
35.43000, 14.
35.44000, 19.
35.45000, 19.
35.46000, 22.
35.47000, 23.
35.48000, 13.
35.49000, 15.
35.50000, 11.
35.51000, 14.
35.52000, 21.
35.53000, 15.
35.54000, 19.
35.55000, 18.
35.56000, 10.
35.57000, 20.
35.58000, 15.
35.59000, 15.
35.60000, 20.
35.61000, 15.
35.62000, 15.
35.63000, 14.
35.64000, 18.
35.65000, 17.
35.66000, 10.
35.67000, 12.
35.68000, 27.
35.69000, 20.
35.70000, 9.
35.71000, 22.
35.72000, 18.
35.73000, 13.
35.74000, 19.
35.75000, 11.
35.76000, 16.
35.77000, 18.
35.78000, 20.
35.79000, 21.
35.80000, 23.
35.81000, 12.
35.82000, 14.
35.83000, 17.
35.84000, 15.
35.85000, 25.
35.86000, 25.
35.87000, 17.
35.88000, 15.
35.89000, 31.
35.90000, 14.
35.91000, 15.
35.92000, 18.
35.93000, 19.
35.94000, 11.
35.95000, 15.
35.96000, 13.
35.97000, 18.
35.98000, 23.
35.99000, 15.
36.00000, 20.
36.01000, 16.
36.02000, 14.
36.03000, 21.
36.04000, 13.
36.05000, 17.
36.06000, 18.
36.07000, 13.
36.08000, 13.
36.09000, 15.
36.10000, 18.
36.11000, 18.
36.12000, 16.
36.13000, 9.
36.14000, 15.
36.15000, 20.
36.16000, 21.
36.17000, 12.
36.18000, 12.
36.19000, 20.
36.20000, 19.
36.21000, 21.
36.22000, 21.
36.23000, 20.
36.24000, 16.
36.25000, 17.
36.26000, 21.
36.27000, 18.
36.28000, 19.
36.29000, 23.
36.30000, 17.
36.31000, 27.
36.32000, 26.
36.33000, 11.
36.34000, 12.
36.35000, 21.
36.36000, 14.
36.37000, 14.
36.38000, 21.
36.39000, 16.
36.40000, 16.
36.41000, 19.
36.42000, 13.
36.43000, 18.
36.44000, 15.
36.45000, 15.
36.46000, 17.
36.47000, 19.
36.48000, 14.
36.49000, 15.
36.50000, 23.
36.51000, 14.
36.52000, 20.
36.53000, 9.
36.54000, 15.
36.55000, 17.
36.56000, 12.
36.57000, 10.
36.58000, 16.
36.59000, 10.
36.60000, 9.
36.61000, 10.
36.62000, 14.
36.63000, 7.
36.64000, 15.
36.65000, 14.
36.66000, 19.
36.67000, 18.
36.68000, 13.
36.69000, 17.
36.70000, 15.
36.71000, 14.
36.72000, 9.
36.73000, 13.
36.74000, 15.
36.75000, 10.
36.76000, 12.
36.77000, 14.
36.78000, 15.
36.79000, 16.
36.80000, 16.
36.81000, 15.
36.82000, 12.
36.83000, 19.
36.84000, 12.
36.85000, 22.
36.86000, 10.
36.87000, 16.
36.88000, 18.
36.89000, 17.
36.90000, 18.
36.91000, 11.
36.92000, 13.
36.93000, 8.
36.94000, 12.
36.95000, 14.
36.96000, 24.
36.97000, 16.
36.98000, 14.
36.99000, 15.
37.00000, 7.
37.01000, 12.
37.02000, 13.
37.03000, 11.
37.04000, 9.
37.05000, 11.
37.06000, 7.
37.07000, 10.
37.08000, 10.
37.09000, 11.
37.10000, 19.
37.11000, 20.
37.12000, 5.
37.13000, 7.
37.14000, 11.
37.15000, 7.
37.16000, 10.
37.17000, 16.
37.18000, 8.
37.19000, 13.
37.20000, 11.
37.21000, 9.
37.22000, 11.
37.23000, 20.
37.24000, 13.
37.25000, 16.
37.26000, 10.
37.27000, 12.
37.28000, 11.
37.29000, 14.
37.30000, 15.
37.31000, 13.
37.32000, 9.
37.33000, 10.
37.34000, 16.
37.35000, 8.
37.36000, 15.
37.37000, 15.
37.38000, 7.
37.39000, 13.
37.40000, 17.
37.41000, 12.
37.42000, 11.
37.43000, 11.
37.44000, 10.
37.45000, 13.
37.46000, 10.
37.47000, 8.
37.48000, 11.
37.49000, 14.
37.50000, 15.
37.51000, 14.
37.52000, 14.
37.53000, 12.
37.54000, 12.
37.55000, 11.
37.56000, 14.
37.57000, 12.
37.58000, 12.
37.59000, 11.
37.60000, 10.
37.61000, 9.
37.62000, 12.
37.63000, 11.
37.64000, 8.
37.65000, 5.
37.66000, 12.
37.67000, 14.
37.68000, 17.
37.69000, 9.
37.70000, 8.
37.71000, 16.
37.72000, 12.
37.73000, 8.
37.74000, 18.
37.75000, 8.
37.76000, 11.
37.77000, 11.
37.78000, 10.
37.79000, 15.
37.80000, 13.
37.81000, 10.
37.82000, 14.
37.83000, 13.
37.84000, 6.
37.85000, 9.
37.86000, 16.
37.87000, 15.
37.88000, 7.
37.89000, 10.
37.90000, 7.
37.91000, 13.
37.92000, 15.
37.93000, 13.
37.94000, 10.
37.95000, 11.
37.96000, 13.
37.97000, 12.
37.98000, 11.
37.99000, 9.
38.00000, 11.
38.01000, 10.
38.02000, 12.
38.03000, 8.
38.04000, 12.
38.05000, 19.
38.06000, 9.
38.07000, 9.
38.08000, 3.
38.09000, 17.
38.10000, 9.
38.11000, 10.
38.12000, 10.
38.13000, 9.
38.14000, 8.
38.15000, 15.
38.16000, 10.
38.17000, 5.
38.18000, 8.
38.19000, 7.
38.20000, 7.
38.21000, 9.
38.22000, 6.
38.23000, 10.
38.24000, 7.
38.25000, 9.
38.26000, 7.
38.27000, 9.
38.28000, 8.
38.29000, 10.
38.30000, 13.
38.31000, 10.
38.32000, 8.
38.33000, 9.
38.34000, 11.
38.35000, 9.
38.36000, 5.
38.37000, 10.
38.38000, 9.
38.39000, 9.
38.40000, 11.
38.41000, 11.
38.42000, 10.
38.43000, 10.
38.44000, 4.
38.45000, 12.
38.46000, 8.
38.47000, 6.
38.48000, 15.
38.49000, 12.
38.50000, 9.
38.51000, 7.
38.52000, 5.
38.53000, 9.
38.54000, 9.
38.55000, 11.
38.56000, 8.
38.57000, 5.
38.58000, 9.
38.59000, 3.
38.60000, 9.
38.61000, 7.
38.62000, 8.
38.63000, 5.
38.64000, 5.
38.65000, 10.
38.66000, 5.
38.67000, 10.
38.68000, 9.
38.69000, 9.
38.70000, 10.
38.71000, 16.
38.72000, 12.
38.73000, 9.
38.74000, 6.
38.75000, 9.
38.76000, 8.
38.77000, 7.
38.78000, 2.
38.79000, 6.
38.80000, 9.
38.81000, 8.
38.82000, 3.
38.83000, 4.
38.84000, 7.
38.85000, 9.
38.86000, 12.
38.87000, 9.
38.88000, 5.
38.89000, 3.
38.90000, 9.
38.91000, 9.
38.92000, 9.
38.93000, 3.
38.94000, 5.
38.95000, 5.
38.96000, 3.
38.97000, 7.
38.98000, 10.
38.99000, 7.
39.00000, 9.
39.01000, 3.
39.02000, 10.
39.03000, 12.
39.04000, 11.
39.05000, 7.
39.06000, 10.
39.07000, 5.
39.08000, 6.
39.09000, 2.
39.10000, 8.
39.11000, 7.
39.12000, 10.
39.13000, 5.
39.14000, 9.
39.15000, 2.
39.16000, 5.
39.17000, 11.
39.18000, 10.
39.19000, 5.
39.20000, 13.
39.21000, 9.
39.22000, 9.
39.23000, 6.
39.24000, 6.
39.25000, 5.
39.26000, 8.
39.27000, 6.
39.28000, 11.
39.29000, 8.
39.30000, 2.
39.31000, 4.
39.32000, 7.
39.33000, 8.
39.34000, 10.
39.35000, 4.
39.36000, 5.
39.37000, 7.
39.38000, 3.
39.39000, 7.
39.40000, 4.
39.41000, 7.
39.42000, 7.
39.43000, 5.
39.44000, 10.
39.45000, 4.
39.46000, 9.
39.47000, 10.
39.48000, 9.
39.49000, 6.
39.50000, 8.
39.51000, 6.
39.52000, 10.
39.53000, 11.
39.54000, 7.
39.55000, 11.
39.56000, 10.
39.57000, 10.
39.58000, 7.
39.59000, 8.
39.60000, 9.
39.61000, 8.
39.62000, 7.
39.63000, 3.
39.64000, 5.
39.65000, 12.
39.66000, 12.
39.67000, 6.
39.68000, 15.
39.69000, 5.
39.70000, 6.
39.71000, 12.
39.72000, 7.
39.73000, 6.
39.74000, 2.
39.75000, 6.
39.76000, 2.
39.77000, 7.
39.78000, 7.
39.79000, 11.
39.80000, 6.
39.81000, 4.
39.82000, 3.
39.83000, 5.
39.84000, 6.
39.85000, 6.
39.86000, 3.
39.87000, 6.
39.88000, 4.
39.89000, 6.
39.90000, 7.
39.91000, 6.
39.92000, 6.
39.93000, 7.
39.94000, 7.
39.95000, 5.
39.96000, 8.
39.97000, 5.
39.98000, 7.
39.99000, 7.
40.00000, 4.
40.01000, 9.
40.02000, 3.
40.03000, 9.
40.04000, 6.
40.05000, 8.
40.06000, 6.
40.07000, 6.
40.08000, 6.
40.09000, 7.
40.10000, 10.
40.11000, 5.
40.12000, 8.
40.13000, 4.
40.14000, 7.
40.15000, 5.
40.16000, 5.
40.17000, 4.
40.18000, 10.
40.19000, 3.
40.20000, 4.
40.21000, 9.
40.22000, 6.
40.23000, 6.
40.24000, 1.
40.25000, 7.
40.26000, 12.
40.27000, 3.
40.28000, 1.
40.29000, 6.
40.30000, 11.
40.31000, 5.
40.32000, 7.
40.33000, 1.
40.34000, 7.
40.35000, 2.
40.36000, 2.
40.37000, 3.
40.38000, 8.
40.39000, 4.
40.40000, 4.
40.41000, 5.
40.42000, 3.
40.43000, 0.
40.44000, 6.
40.45000, 6.
40.46000, 6.
40.47000, 2.
40.48000, 10.
40.49000, 5.
40.50000, 4.
40.51000, 2.
40.52000, 3.
40.53000, 7.
40.54000, 3.
40.55000, 0.
#ENDOFDATA   : 
